0,016000
-0,000909
0,000245
-0,000210
0,000049
0,000371
-0,000401
-0,000240
-0,000480
-0,000032
0,000327
-0,000044
0,000259
0,000369
0,000148
0,000138
-0,000085
-0,000474
0,000232
-0,000190
-0,000316
0,000384
-0,000107
0,000448
0,000286
0,000103
-0,000002
-0,000177
0,000190
0,000151
-0,000345
-0,000583
-0,000256
0,000376
-0,000068
0,000152
0,000322
-0,000003
0,000168
0,000334
-0,000083
0,000053
0,000441
0,000318
0,000146
-0,000124
-0,000501
-0,000346
-0,000348
0,000416
0,000119
-0,000494
-0,000439
0,000287
0,000343
0,000444
0,000144
-0,000275
-0,000525
0,000028
-0,000039
-0,000214
0,000031
-0,000232
0,000303
0,000182
0,000128
0,000137
0,000340
0,000219
-0,000084
-0,000238
-0,000061
0,000034
-0,000026
-0,000513
0,000395
0,000353
0,000356
0,000396
-0,000319
-0,000364
-0,000487
0,000191
0,000245
-0,000404
0,000054
0,000335
0,000499
-0,000024
-0,000686
0,000214
-0,000193
0,000414
0,000382
-0,000025
-0,000330
0,000144
0,000345
0,000161
-0,000343
0,000071
-0,000061
0,000276
-0,000113
-0,000358
-0,000252
0,000228
0,000161
-0,000429
0,000069
-0,000489
-0,000492
0,000287
-0,000420
0,000075
-0,000174
-0,000042
0,000198
-0,000433
0,000245
0,000229
0,000309
0,000350
-0,000143
-0,000275
0,000506
-0,000146
0,000195
-0,000047
-0,000468
-0,000064
-0,000229
-0,000504
-0,000029
-0,000351
0,000405
0,000059
-0,000307
-0,000139
0,000335
-0,000334
-0,000312
0,000136
-0,000226
-0,000411
-0,000183
0,000112
-0,000234
-0,000322
-0,000085
0,000321
-0,000478
0,000498
0,000007
0,000441
-0,000243
-0,000491
0,000067
-0,000143
-0,000187
0,000071
-0,000212
0,000462
0,000173
0,000313
0,000480
0,000197
-0,000273
-0,000413
-0,000039
0,000339
0,000093
-0,000088
-0,000279
0,000302
0,000429
0,000358
-0,000208
0,000241
-0,000145
0,000172
0,000190
0,000312
0,000109
0,000284
0,000337
0,000213
0,000421
0,000049
0,000054
0,000357
0,000302
-0,000411
0,000021
0,000416
0,000149
-0,000465
0,000251
0,000472
0,000153
0,000324
0,000124
0,000318
0,000283
-0,000172
-0,000276
0,000365
-0,000138
-0,000034
-0,000347
-0,000406
0,000414
-0,000172
-0,000235
0,000400
0,000060
0,000108
0,000007
-0,000189
-0,000463
-0,000386
0,000376
0,000268
0,000517
-0,000469
0,000060
-0,000262
-0,000389
0,000374
0,000184
-0,000246
-0,000293
0,000254
-0,000079
-0,000418
0,000179
0,000234
0,000007
-0,000506
0,000445
0,000091
-0,000041
-0,000051
0,000282
0,000392
-0,000204
-0,000427
0,000364
-0,000312
-0,000361
0,000217
-0,000369
0,000303
-0,000376
-0,000393
-0,000030
-0,000342
0,000335
0,000299
-0,000036
0,000314
0,000156
-0,000151
-0,000067
-0,000081
-0,000232
-0,000450
0,000034
0,000189
-0,000157
-0,000120
-0,000451
0,000364
0,000101
0,000177
-0,000115
-0,000321
0,000405
-0,000503
-0,000031
-0,000319
-0,000197
0,000224
0,000205
0,000121
-0,000307
0,000122
-0,000205
0,000440
0,000204
0,000198
0,000021
-0,000378
0,000352
0,000441
-0,000463
-0,000483
0,000157
-0,000500
0,000460
0,000366
-0,000501
0,000068
0,000465
0,000401
-0,000186
0,000464
0,000000
-0,000322
0,000369
-0,000486
-0,000012
-0,000311
-0,000531
0,000117
-0,000197
-0,000185
0,000435
0,000451
-0,000171
-0,000091
-0,000038
0,000436
0,000400
-0,000465
-0,000029
-0,000286
0,000387
0,000080
-0,000285
-0,000283
0,000286
0,000095
-0,000352
0,000412
0,000018
0,000073
-0,000210
-0,000301
-0,000336
-0,000211
-0,000385
0,000297
-0,000211
0,000193
0,000471
-0,000176
0,000272
-0,000387
-0,000300
-0,000329
0,000326
-0,000226
-0,000444
-0,000303
0,000070
0,000115
-0,000267
-0,000451
-0,000239
-0,000350
-0,000141
0,000357
-0,000574
0,000277
-0,000383
0,000170
0,000372
-0,000052
0,000045
0,000188
-0,000249
-0,000351
-0,000184
0,000447
-0,000349
-0,000267
0,000099
0,000039
-0,000041
0,000080
-0,000067
-0,000189
0,000349
0,000036
0,000504
-0,000217
0,000281
-0,000204
0,000347
-0,000103
0,000412
0,000140
0,000451
-0,000168
0,000100
0,000169
0,000387
0,000093
-0,000319
0,000027
-0,000536
0,000194
0,000083
-0,000045
0,000086
0,000333
0,000444
0,000040
-0,000019
0,000107
-0,000265
-0,000059
-0,000341
0,000434
0,000302
0,000211
-0,000010
0,000113
0,000276
-0,000315
0,000319
-0,000148
-0,000087
0,000379
0,000164
-0,000330
-0,000390
0,000250
-0,000032
-0,000296
0,000103
-0,000079
-0,000354
0,000367
0,000368
-0,000342
0,000439
0,000252
-0,000164
0,000080
-0,000285
0,000316
0,000176
-0,000127
-0,000231
0,000093
0,000174
0,000436
0,000018
0,000908
0,000364
0,000298
-0,000243
-0,000325
0,000231
0,000233
-0,000292
-0,000185
0,000508
0,000617
-0,000226
-0,000359
-0,000430
0,000681
0,000451
-0,000430
-0,000158
0,000607
0,000488
0,000096
-0,000654
0,000071
-0,001044
-0,000813
-0,000494
0,000497
-0,000608
-0,000593
-0,000289
-0,000167
-0,000097
0,000030
0,000177
-0,000298
-0,000480
-0,000252
-0,000593
-0,000829
-0,000495
-0,000089
0,000411
0,000210
0,000526
0,000178
-0,000168
-0,000610
-0,000432
-0,000647
-0,000327
0,000308
-0,000229
-0,000549
-0,000185
0,000387
-0,000010
-0,000602
-0,000612
-0,000319
0,000450
0,000504
0,000621
0,000088
0,000279
0,000335
0,000763
0,000455
0,000056
-0,000297
-0,000391
-0,000067
0,000390
0,000488
-0,000259
-0,000074
-0,000398
-0,000060
-0,000432
-0,000557
-0,000351
-0,000246
-0,000073
-0,000514
0,000114
0,000042
0,000234
0,000371
-0,000404
-0,000512
-0,000348
0,000184
0,001268
0,000668
0,000935
0,000523
0,000663
0,000777
0,000899
0,000810
0,001581
0,000962
0,000268
0,000465
0,000329
0,000031
0,000298
0,000939
0,000782
0,000711
0,000462
0,001267
0,000577
0,001197
0,000798
0,000637
0,000644
0,000248
-0,000024
-0,000099
-0,000036
0,000477
-0,000065
-0,000586
-0,000471
-0,000516
-0,000057
-0,000252
-0,000692
-0,000934
-0,000128
-0,001022
-0,001420
-0,000931
-0,000930
-0,001104
-0,000559
-0,000867
-0,000721
-0,000512
-0,000428
-0,000855
-0,001969
-0,001628
-0,001159
-0,000329
-0,000082
-0,000885
-0,001181
-0,000550
-0,000653
-0,000339
-0,000191
-0,000149
0,000338
-0,000092
-0,000601
0,000233
0,000447
-0,000047
-0,000351
-0,000214
-0,000700
-0,000381
-0,000754
-0,000151
-0,000140
0,000166
-0,000453
0,000080
-0,000921
-0,000880
0,000028
-0,000275
-0,000754
-0,000286
-0,000377
-0,000306
-0,000964
-0,000001
0,000406
0,000511
-0,000837
-0,000953
-0,001136
0,000557
0,000905
-0,000101
-0,000217
0,000040
-0,000626
-0,000632
-0,000077
-0,000505
0,000373
0,000001
0,000140
-0,000143
-0,000510
-0,000397
-0,000298
0,000355
-0,000097
-0,000191
0,000392
0,000306
0,001831
0,001913
0,001309
0,001449
0,000758
0,001134
0,001557
0,001161
0,000257
0,001384
0,001943
0,001852
0,002483
0,002442
0,002661
0,002260
0,002095
0,001647
0,001488
0,001429
0,000916
0,001806
0,001600
0,001502
0,001997
0,001359
0,001003
0,001258
0,000284
0,000483
0,000438
0,001023
0,000145
-0,001016
-0,000403
0,000395
0,000961
0,000613
-0,000233
0,000014
-0,000141
0,000321
-0,000427
-0,000415
-0,000610
-0,000586
-0,000549
0,000215
0,000512
0,000139
0,000229
-0,000210
0,000151
-0,000259
0,000593
0,000488
0,000242
-0,000542
-0,000325
0,000387
0,000029
0,000129
-0,000520
-0,001073
-0,001828
-0,001289
-0,001006
-0,000474
-0,000394
-0,000129
-0,000085
-0,000322
-0,000679
-0,000816
-0,000118
-0,000138
0,000759
-0,000298
-0,000989
-0,000765
-0,000440
-0,000532
-0,001571
-0,001963
-0,001347
-0,000645
-0,000145
0,000000
-0,000800
-0,001532
-0,001958
-0,001170
-0,001220
-0,001296
-0,002103
-0,002167
-0,001294
-0,002032
-0,001855
-0,000730
0,000039
-0,000990
-0,000466
-0,001801
-0,000872
-0,001137
0,000228
0,000107
-0,001351
-0,002137
-0,001828
-0,000214
-0,001282
-0,000937
-0,000537
0,000366
0,001329
0,000076
-0,000058
-0,000690
-0,000748
-0,000961
-0,000206
0,000267
-0,054549
-0,000278
-0,000394
0,000301
0,000974
-0,000057
-0,000103
0,000617
0,000113
-0,000006
0,000380
-0,000229
-0,000708
-0,000128
-0,000587
-0,000194
0,000081
0,000146
0,000076
-0,000154
-0,000017
0,000981
0,000234
0,000652
0,000020
-0,000020
0,000121
0,000253
0,000370
0,000535
0,001359
0,001307
0,001737
0,000950
0,001245
0,000621
0,000511
0,000674
0,000663
0,001808
0,002195
0,001476
0,000242
0,000141
0,001391
0,001781
0,002087
0,001867
0,001458
-0,000309
-0,000213
0,001499
0,001981
0,002668
0,003554
0,002219
0,000820
0,000895
0,001840
0,001806
0,001099
0,002018
0,000938
-0,000291
0,000077
0,000312
0,000660
-0,000565
-0,000382
0,000045
0,000479
-0,000251
0,000299
0,000637
0,000556
-0,000594
-0,001060
-0,002061
-0,001714
-0,001065
-0,001219
-0,001100
-0,000584
-0,000525
-0,001931
-0,001814
-0,000983
-0,001134
-0,001590
-0,002144
-0,000922
-0,000592
-0,000210
0,000062
0,000386
-0,000308
-0,001414
-0,000747
-0,000915
-0,000373
0,000122
-0,001252
-0,000800
0,000577
0,000671
0,000351
-0,000891
-0,000596
-0,001110
-0,000807
-0,000349
-0,001082
-0,000805
0,000110
0,000744
0,000414
-0,000674
-0,000262
-0,001525
-0,000401
0,000139
0,001262
-0,000137
-0,000219
0,000601
-0,000103
0,000549
0,000275
-0,000306
-0,000367
0,000388
0,000553
0,000709
0,000118
0,000949
0,001181
0,002109
0,001819
0,001657
0,001543
0,000472
0,002189
0,003141
0,002419
0,002420
0,001771
0,000999
0,000287
0,000624
0,001650
0,002111
0,002562
0,000612
-0,000743
-0,001339
0,000612
0,002302
0,002333
-0,000030
-0,002312
-0,001694
-0,001103
0,001266
0,001189
-0,000058
-0,001133
-0,001511
0,000117
0,001010
-0,000614
-0,001179
-0,001397
-0,001083
-0,001207
-0,001597
-0,001357
-0,001392
-0,001471
-0,000998
-0,001079
-0,001670
-0,001328
-0,000258
-0,001197
-0,002064
-0,000979
-0,001508
-0,002878
-0,001681
-0,001618
-0,002072
-0,002981
-0,002267
-0,001986
-0,002118
-0,001381
-0,001486
-0,002159
-0,001223
-0,000633
-0,001264
-0,002392
-0,003554
-0,003163
-0,004719
-0,003589
-0,002700
-0,001515
-0,002325
-0,002961
-0,001864
-0,001883
-0,001672
-0,005160
-0,001267
-0,000547
-0,000855
-0,001652
-0,000155
-0,000813
-0,000108
-0,001639
-0,001935
-0,001962
-0,000448
0,000951
0,001207
0,000084
0,000721
0,000501
-0,000283
0,000256
0,001262
0,000580
0,001908
0,001766
0,003074
0,003684
0,002927
0,002389
0,002258
0,003444
0,003541
0,004138
0,004426
0,004027
0,004567
0,005061
0,005396
0,004859
0,005925
0,004386
0,003126
0,003231
0,003718
0,004398
0,004139
0,004312
0,003666
0,003548
0,004995
0,004124
0,004502
0,004082
0,003780
0,003824
0,003400
0,002885
0,002797
0,002298
0,001201
0,000026
0,000113
0,000235
0,000677
-0,000191
0,000641
-0,000405
-0,001285
-0,001430
0,248501
-0,001539
-0,001408
-0,001914
-0,002997
-0,002022
-0,001699
-0,001065
-0,000047
-0,000596
-0,001435
-0,003040
-0,001951
-0,001956
-0,000215
0,000048
-0,000334
-0,001374
-0,000670
-0,000369
-0,000577
-0,000090
0,001060
0,001709
-0,000255
-0,001203
-0,002243
-0,003066
-0,003122
-0,001725
-0,002610
-0,002226
-0,001392
-0,001701
-0,001724
-0,002693
-0,002498
-0,003407
-0,003057
-0,003085
-0,003009
-0,003794
-0,004631
-0,005419
-0,006013
-0,005611
-0,004192
-0,003458
-0,004569
-0,003834
-0,003933
-0,002728
-0,003001
-0,003694
-0,004094
-0,004898
-0,004612
-0,003286
-0,002758
-0,003591
-0,002450
-0,002097
-0,001005
-0,000943
-0,001193
-0,001611
-0,002067
-0,001641
-0,001085
0,000155
-0,001159
-0,000922
-0,000516
-0,000297
0,001335
0,002281
0,002653
0,001112
0,000666
0,000211
0,000365
0,001817
0,002386
0,002863
0,001682
-0,000258
-0,001387
-0,000955
0,001002
0,001739
0,002493
0,002595
0,002513
0,002164
0,000990
0,000111
0,000746
0,000650
0,002149
0,002113
0,001181
-0,000422
0,001483
0,002653
0,002103
0,001109
0,001689
0,001062
0,003195
0,004514
0,004823
0,003495
0,003070
0,004945
0,005147
0,003757
0,003192
0,002402
0,002191
0,002261
0,003031
0,002785
0,003714
0,004106
0,005738
0,003788
0,002321
0,001803
0,002327
0,002501
0,002835
0,003173
0,001465
-0,000707
0,000028
0,000939
-0,000068
-0,000762
0,001830
0,003908
0,002791
0,000772
0,000399
-0,000098
0,000293
-0,000216
-0,000226
-0,001544
-0,000521
0,000252
-0,000840
0,000131
-0,000104
-0,000701
-0,001482
-0,002467
-0,002635
-0,002016
-0,000679
-0,000496
-0,000747
-0,001907
-0,002312
-0,001685
-0,001747
-0,000118
-0,000318
-0,001003
-0,002966
-0,001808
-0,000614
-0,000471
-0,000176
-0,001609
-0,002342
-0,002879
-0,000316
-0,000590
-0,000228
-0,000542
-0,001306
-0,001376
-0,000437
0,001237
0,000523
-0,001278
-0,003436
-0,003727
-0,002379
-0,002530
-0,001542
-0,002006
-0,002092
-0,003306
-0,001589
-0,001882
-0,001619
-0,002026
-0,002608
-0,001654
-0,002800
-0,001499
-0,002414
-0,003529
-0,003749
-0,004178
-0,003171
-0,003631
-0,002032
-0,001014
-0,001305
-0,000661
-0,002213
-0,002249
-0,003360
-0,001798
-0,001156
-0,000150
0,001173
0,000196
0,000073
-0,000236
0,001194
0,001402
0,000526
0,001608
0,001458
0,000995
0,002185
-0,061096
0,002289
0,002705
0,002267
0,002672
0,003760
0,004052
0,002804
0,002462
0,000855
-0,001110
-0,002391
0,000112
0,001792
0,002648
0,002023
0,001483
-0,000649
-0,000124
0,000497
0,002818
0,000865
-0,000510
-0,001238
-0,000221
-0,000811
-0,000627
0,000826
0,000532
0,000187
-0,000630
-0,000259
0,000725
0,001167
0,002795
0,001804
0,001644
0,001809
0,000817
0,000678
0,000183
0,000102
0,001924
0,002384
0,001962
0,000991
0,001716
0,001850
0,001194
0,000296
0,000468
-0,000236
-0,000969
0,000592
0,000591
0,000836
-0,000682
-0,000399
-0,000452
-0,001080
-0,002220
-0,003297
-0,003592
-0,002065
-0,001560
-0,002019
-0,004144
-0,004541
-0,003672
-0,002528
-0,001165
-0,000351
-0,000460
-0,001474
-0,002392
-0,000919
-0,002092
-0,002919
-0,002867
-0,002345
-0,001615
-0,002537
-0,001851
-0,002222
-0,001713
-0,002119
-0,001115
-0,000115
0,000125
0,000073
-0,001012
-0,000566
-0,001832
-0,002507
-0,003076
-0,001853
-0,000769
-0,000165
0,001320
0,000653
0,001683
0,000083
-0,000239
0,001221
0,000822
0,001576
0,001553
0,000120
-0,000305
-0,000702
-0,000321
0,002306
0,003668
0,002466
0,002097
0,002092
0,002395
0,001337
0,002397
0,004216
0,004734
0,006475
0,005767
0,003926
0,002415
0,003003
0,004594
0,005970
0,004187
0,003927
0,002982
0,003725
0,004976
0,006210
0,005732
0,004875
0,004379
0,003668
0,001551
0,002336
0,003155
0,002015
0,003731
0,002757
-0,000059
-0,000032
0,001755
0,003829
0,003318
0,001773
0,001056
0,000003
0,000741
0,501211
0,001072
-0,000736
-0,000726
-0,000325
0,001280
0,001477
0,000056
-0,000599
-0,001334
-0,001664
-0,000324
-0,000806
-0,001804
-0,003635
-0,002680
-0,002492
-0,002905
-0,004513
-0,005147
-0,004873
-0,003274
-0,002375
-0,003528
-0,004829
-0,006333
-0,007254
-0,007194
-0,005248
-0,005052
-0,005947
-0,007585
-0,008175
-0,006373
-0,004664
-0,004605
-0,006406
-0,005653
-0,005659
-0,005691
-0,005089
-0,004403
-0,003300
-0,002148
-0,002084
-0,003821
-0,004861
-0,004657
-0,003008
-0,003778
-0,003132
-0,000671
0,000569
-0,000533
-0,001777
-0,002694
-0,002606
-0,001948
-0,000267
-0,000305
-0,000104
-0,000793
-0,002156
-0,003558
-0,001518
-0,000175
0,001111
0,003241
0,001689
0,000691
-0,000351
0,000680
0,000634
0,002102
0,002441
0,002626
0,002232
0,000741
0,001249
0,001434
0,004237
0,004783
0,004660
0,004144
0,003558
0,003383
0,005299
0,005091
0,005775
0,006237
0,004776
0,004399
0,005185
0,005114
0,004850
0,004515
0,005688
0,005431
0,005760
0,004199
0,003441
0,003341
0,002779
0,003223
0,005090
0,004997
0,004350
0,002957
0,002309
0,001453
0,002944
0,002065
0,003381
0,002092
0,001099
0,000427
0,000787
0,001794
0,001474
0,002021
0,002465
0,001147
0,001633
0,000272
0,001031
0,000079
0,001127
0,002180
0,002524
0,000632
-0,000169
-0,000525
0,001354
0,001306
0,002277
0,002728
0,001749
0,000570
0,000172
-0,000881
-0,001084
-0,000456
-0,001533
-0,001831
-0,004307
-0,005447
-0,004270
-0,002821
-0,002549
-0,002623
-0,002420
-0,003149
-0,002996
-0,003557
-0,003617
-0,005025
-0,004528
-0,004462
-0,003116
-0,003207
-0,003370
-0,003116
-0,002729
-0,001124
-0,000874
-0,001318
-0,000550
-0,001211
-0,001878
-0,001371
0,000181
0,000403
-0,000916
-0,001547
-0,001124
-0,001283
-0,000481
-0,000390
0,000733
0,000819
0,000166
-0,000036
-0,003238
-0,003323
-0,002728
-0,003263
-0,002504
-0,002633
-0,002730
-0,004877
-0,004370
-0,004322
-0,002373
-0,002088
-0,001522
-0,002102
-0,003364
-0,002177
-0,002765
-0,002714
-0,002764
-0,001471
-0,000657
-0,000902
0,000944
0,000760
0,000257
0,001446
0,002015
0,002726
0,003443
0,002174
0,002464
0,003191
0,002572
0,001463
0,003070
0,003560
0,003404
0,001900
0,002533
0,002886
0,004016
0,003596
0,003463
0,002225
0,001931
0,001033
-0,000211
0,000464
0,000740
0,001997
0,001722
0,001153
0,001118
0,001882
0,002952
0,001977
0,000159
0,000343
0,001365
0,000967
0,001641
0,001757
0,001343
-0,001375
-0,002209
-0,000173
0,001605
0,000536
0,001470
0,000516
-0,000544
-0,000668
-0,000326
0,001266
0,000494
-0,000412
0,000123
0,001282
0,000757
0,000109
-0,000744
0,000160
0,000408
0,000620
-0,000152
0,000512
-0,000243
0,000482
0,000106
0,000360
-0,000620
-0,001047
-0,000633
0,000580
0,000952
-0,000173
-0,001217
-0,001093
-0,001611
-0,001561
-0,001904
-0,001610
-0,000092
0,001457
0,001499
0,000467
-0,000684
-0,002323
-0,002218
-0,000243
0,000135
-0,000125
-0,000196
-0,000738
-0,002049
-0,002473
-0,000121
0,000730
-0,000344
-0,000719
-0,000325
0,000119
-0,001172
-0,001871
-0,002317
-0,000917
-0,000460
-0,001181
-0,001113
-0,002949
-0,003896
-0,002079
-0,001071
-0,001058
0,000409
-0,000714
-0,002552
-0,001781
0,000025
0,000171
0,001195
0,001714
0,001195
0,001006
0,001303
0,000840
0,001759
0,001765
0,001817
0,001485
0,002688
0,002459
0,001365
0,000230
0,000561
0,000624
0,000396
0,000874
0,001327
0,001440
0,000774
-0,000554
-0,001873
-0,001379
0,000911
0,000347
-0,000013
-0,002553
-0,002452
-0,000976
0,000280
0,001074
0,000279
0,000763
-0,001707
-0,001305
-0,000305
-0,000500
-0,001256
-0,000596
0,000063
0,000690
0,000214
0,000769
0,000092
0,001425
0,002272
0,003016
0,002662
0,002123
0,001285
0,001688
0,001067
0,003023
0,004361
0,004004
0,003910
0,005049
0,001653
-0,000098
0,000683
0,001831
0,003272
0,003637
0,003692
0,002647
0,001259
0,001709
0,000393
0,000143
0,000704
0,000404
-0,001052
-0,002649
-0,001892
-0,001232
-0,002385
-0,002863
-0,002854
-0,000958
-0,001512
-0,002104
-0,001341
-0,001432
-0,001973
-0,003141
-0,004054
-0,003171
-0,003196
-0,002799
-0,003620
0,496604
-0,004401
-0,003420
-0,003018
-0,002361
-0,003529
-0,002203
-0,003034
-0,004408
-0,003933
-0,004065
-0,002593
-0,002479
-0,003480
-0,004289
-0,003215
-0,002133
-0,004089
-0,004139
-0,002922
-0,003043
-0,001998
-0,002534
-0,002433
-0,001503
-0,001917
-0,001705
-0,001653
-0,001548
-0,000357
-0,001146
0,000163
0,000737
-0,001340
-0,001363
-0,000313
-0,000026
0,000240
0,000739
0,001739
0,002342
0,002112
0,000915
0,000362
-0,000141
0,000938
0,002376
0,002626
0,003070
0,001226
0,002666
0,002813
0,004044
0,003413
0,002802
0,002421
0,002404
0,002495
0,003246
0,004647
0,003425
0,005998
0,006187
0,006739
0,005856
0,005940
0,006626
0,006612
0,005020
0,005326
0,004971
0,005811
0,006924
0,006430
0,005423
0,004207
0,004552
0,004311
0,003976
0,004539
0,005487
0,004161
0,004097
0,004904
0,002860
0,002377
0,001220
0,001117
-0,000094
-0,000315
-0,000057
-0,000079
-0,000488
-0,005519
-0,001713
-0,002183
-0,001051
-0,001787
-0,000965
-0,001850
-0,002129
-0,001594
-0,002550
-0,002639
-0,003281
-0,003891
-0,004791
-0,003960
-0,003037
-0,003282
-0,003245
-0,004788
-0,003904
-0,003090
-0,003510
-0,003710
-0,003485
-0,003453
-0,003026
-0,003876
-0,003528
-0,003501
-0,002716
-0,002501
-0,002633
-0,000959
-0,002524
-0,003143
-0,003132
-0,003629
-0,002720
-0,001895
-0,001627
-0,003338
-0,002584
-0,004717
-0,005332
-0,003887
-0,003405
-0,004686
-0,005176
-0,004665
-0,005337
-0,004957
-0,004030
-0,003373
-0,003794
-0,003133
-0,005722
-0,004514
-0,003033
-0,003417
-0,003361
-0,002444
-0,004078
-0,004009
-0,001143
-0,000934
-0,000002
0,000568
0,000381
0,000695
0,000755
0,000419
0,000970
0,001941
0,001883
0,001259
0,002207
0,001577
0,001227
0,003406
0,005596
0,005497
0,006244
0,006184
0,004076
0,004740
0,005254
0,006728
0,007001
0,006867
0,007655
0,007396
0,006104
0,006210
0,006768
0,006185
0,005614
0,005452
0,003715
0,002288
0,003501
0,003887
0,002666
0,002312
0,001328
-0,000267
-0,001398
0,000134
-0,000184
-0,002262
-0,002236
0,000144
-0,000838
-0,001254
-0,001455
-0,002640
-0,002758
-0,000865
-0,000179
-0,001066
-0,000572
-0,001849
-0,001518
0,000273
0,001145
-0,001233
-0,000215
0,000891
0,001390
0,002940
0,003402
0,001731
0,003323
0,003223
0,002148
0,002478
0,003801
0,002332
0,003505
0,005085
0,001037
0,000827
0,002760
0,000544
0,001204
-0,000038
0,001075
-0,000034
0,003207
0,000994
-0,002051
-0,001317
-0,001507
-0,001746
-0,003057
-0,002951
-0,002245
-0,001873
-0,003489
-0,005539
-0,006621
-0,006826
-0,006765
-0,009135
-0,009779
-0,010164
-0,011038
-0,010208
-0,011528
-0,016297
-0,015452
-0,016273
-0,013006
-0,010867
-0,008341
-0,006547
-0,006909
-0,005233
-0,002114
0,003417
0,003608
0,005674
0,005999
0,004565
0,010781
0,018167
0,018052
0,015936
0,016344
0,014201
0,013358
0,017693
0,020615
0,015215
0,013196
0,013186
0,015230
0,019835
0,022219
0,022761
0,025425
0,027262
0,026728
0,024997
0,020339
0,014491
0,007776
-0,000777
-0,011425
-0,023221
-0,033265
-0,038276
-0,047842
-0,065673
-0,075053
-0,076588
-0,076337
-0,069212
-0,062518
-0,063667
-0,056881
-0,041355
-0,027993
-0,011570
-0,002548
0,001402
0,011675
0,022644
0,030745
0,039088
0,044662
0,041124
0,042775
0,044579
0,047897
0,050832
0,050166
0,044114
0,047338
0,042798
0,045866
0,060921
0,058923
0,050454
0,035843
0,025894
0,014256
0,016828
0,011852
0,000341
-0,008823
-0,020425
-0,018870
-0,004947
0,010620
0,015174
0,010987
0,008829
0,005930
0,015309
0,020693
0,015518
0,001497
-0,022878
-0,045228
-0,060730
-0,073600
-0,084893
-0,099909
-0,117682
-0,132296
-0,131531
-0,122618
-0,110740
-0,094060
-0,087128
-0,075143
-0,055047
-0,031829
-0,008339
0,012756
0,023654
0,030475
0,043159
0,056363
0,070784
0,084231
0,091305
0,088139
0,082821
0,089504
0,091545
0,088022
0,093231
0,088224
0,076717
0,066176
0,068740
0,056889
0,046502
0,058949
0,056967
0,039451
0,015436
0,000554
-0,012140
-0,012076
-0,009027
-0,020141
-0,033159
-0,043713
-0,038429
-0,023362
-0,005426
0,006319
0,005291
0,000155
0,002212
0,010973
0,018871
0,013277
-0,006873
-0,033313
-0,055269
-0,074357
-0,086738
-0,092541
-0,119581
-0,138444
-0,149443
-0,154769
-0,148213
-0,119726
-0,102453
-0,097390
-0,070489
-0,055097
-0,036464
-0,003541
0,023767
0,033201
0,047853
0,061750
0,064968
0,086902
0,099895
0,107017
0,113495
0,102365
0,100176
0,105254
0,104308
0,088426
0,100599
0,096112
0,072584
0,069331
0,048843
0,056100
0,083919
0,077730
0,027500
0,001025
0,004068
-0,015901
-0,004496
-0,000342
-0,029610
-0,057555
-0,053761
-0,034616
-0,016274
0,013011
0,015608
-0,008578
-0,016651
-0,006615
0,016365
0,023258
0,004455
-0,032824
-0,069082
-0,089352
-0,102558
-0,110270
-0,126000
-0,152502
-0,173352
-0,180727
-0,170412
-0,150849
-0,123955
-0,105097
-0,093192
-0,071693
-0,046402
-0,019827
0,011527
0,044792
0,055155
0,063843
0,077226
0,088254
0,107420
0,126378
0,132884
0,130856
0,120644
0,121236
0,117378
0,125894
0,115784
0,101230
0,090406
0,083095
0,070247
0,053056
0,028577
0,055621
0,083078
0,041896
-0,015974
-0,014078
-0,020785
-0,042998
-0,009905
-0,012713
-0,066791
-0,081113
-0,056906
-0,036414
-0,010982
0,029863
0,015959
-0,018986
-0,014194
0,010684
0,033853
0,028121
0,000904
-0,047006
-0,088091
-0,104575
-0,101865
-0,111492
-0,151092
-0,179105
-0,185366
-0,195267
-0,178241
-0,135147
-0,111659
-0,108164
-0,084995
-0,060640
-0,035632
0,009082
0,046213
0,059509
0,074359
0,088796
0,095870
0,116491
0,137758
0,152597
0,148691
0,136846
0,133962
0,137331
0,133902
0,128251
0,122428
0,105450
0,079911
0,072902
0,074078
0,051980
0,025641
0,057470
0,085082
0,036902
-0,012491
-0,007387
-0,024148
-0,037627
-0,009643
-0,011009
-0,067161
-0,081050
-0,058651
-0,042707
-0,011496
0,022396
0,004707
-0,029568
-0,022679
0,007656
0,028485
0,025763
-0,005778
-0,057818
-0,098136
-0,111736
-0,114963
-0,130524
-0,163328
-0,185022
-0,206320
-0,207865
-0,178219
-0,138319
-0,118879
-0,105317
-0,087033
-0,058359
-0,018180
0,025559
0,056898
0,070911
0,084507
0,100447
0,115945
0,127360
0,142824
0,154722
0,144980
0,141428
0,144710
0,136639
0,133718
0,129148
0,111682
0,088288
0,088991
0,066756
0,049315
0,046018
0,004878
0,058144
0,089368
0,034880
-0,032980
-0,018157
-0,029528
-0,057125
0,001411
-0,007132
-0,090999
-0,088400
-0,060892
-0,054406
-0,018031
0,031846
-0,008477
-0,047218
-0,028011
0,003696
0,027387
0,024442
-0,017381
-0,065483
-0,102751
-0,117109
-0,113104
-0,125461
-0,173502
-0,197681
-0,217550
-0,228419
-0,200919
-0,155419
-0,126564
-0,124110
-0,097650
-0,063021
-0,021587
0,036879
0,064243
0,077276
0,093676
0,109477
0,123285
0,147773
0,158917
0,168658
0,177479
0,158847
0,149275
0,147570
0,141576
0,132653
0,119703
0,084836
0,066968
0,070633
0,068433
0,048289
0,022346
0,111863
0,122320
0,044611
-0,000676
0,009448
-0,042516
-0,050163
0,020793
-0,024080
-0,100352
-0,097957
-0,096184
-0,076271
-0,013261
0,053244
0,007253
-0,037010
-0,020440
0,019844
0,044531
0,053576
0,009295
-0,075749
-0,128209
-0,139541
-0,140868
-0,154405
-0,204670
-0,231320
-0,264355
-0,255349
-0,209214
-0,165145
-0,148523
-0,150637
-0,125555
-0,088724
-0,020086
0,041541
0,073660
0,095241
0,111103
0,124863
0,135441
0,164378
0,183085
0,195000
0,192367
0,173818
0,154378
0,148565
0,143961
0,127632
0,100770
0,077981
0,078728
0,077236
0,048509
0,009725
0,092184
0,149082
0,105979
0,005591
-0,065899
-0,079353
-0,137204
-0,010630
0,025562
-0,063357
-0,120699
-0,155221
-0,108784
-0,016300
0,145479
0,153039
0,058866
0,038018
0,053142
0,127948
0,073036
-0,042968
-0,198312
-0,274901
-0,279830
-0,255270
-0,259819
-0,281500
-0,228730
-0,179485
-0,106283
-0,092545
-0,092422
-0,089993
-0,084739
-0,064853
-0,046495
-0,038767
-0,035013
0,009651
0,035656
0,046220
0,045108
0,068357
0,109110
0,166220
0,185335
0,212219
0,203316
0,240965
0,190732
0,161127
0,113165
0,064868
0,134024
0,081456
0,016946
-0,136224
0,287170
0,335282
0,175793
-0,008355
-0,224523
-0,165443
-0,140412
-0,010161
-0,121948
-0,056210
0,113190
0,246386
0,343877
0,245057
0,172789
0,051896
0,014333
-0,136214
-0,281693
-0,371536
-0,399124
-0,292658
-0,214644
-0,113386
-0,120446
-0,037376
-0,013641
-0,031389
-0,065091
-0,123642
-0,167998
-0,234294
-0,213205
-0,210854
-0,114393
-0,002379
0,094396
0,144696
0,178023
0,192970
0,179676
0,169663
0,120104
0,094728
0,075100
0,089481
0,088708
0,086669
0,148613
0,154727
0,128660
0,115906
0,072635
0,070761
0,074341
0,070227
0,046654
-0,131356
-0,206080
0,321441
0,232706
0,076768
-0,143337
-0,203251
-0,132919
-0,050341
-0,056105
-0,153685
0,043945
0,177864
0,277389
0,221506
0,104473
0,074112
0,061320
-0,022374
-0,260027
-0,276272
-0,276514
-0,226091
-0,182992
-0,116053
-0,052296
-0,010013
0,014977
-0,040385
-0,084709
-0,126079
-0,161039
-0,204603
-0,175490
-0,136437
-0,078507
-0,003264
0,099804
0,151892
0,167064
0,144466
0,104659
0,059885
0,038539
0,040178
0,036017
0,058381
0,118300
0,124248
0,150938
0,129980
0,092264
0,075346
0,043633
0,016912
0,001259
0,038288
0,031478
-0,095416
-0,041233
0,403270
0,180657
0,067960
-0,093521
-0,137976
-0,114240
-0,056772
-0,146585
-0,116726
0,132455
0,192150
0,257383
0,188845
0,117087
0,062052
0,017562
-0,150900
-0,259639
-0,245940
-0,243603
-0,162308
-0,148854
-0,083069
-0,036144
0,032801
-0,004182
-0,046577
0,872271
-0,155968
-0,170759
-0,232912
-0,195238
-0,104420
-0,028934
0,033802
0,109869
0,084936
0,090538
0,072706
0,012168
0,001030
-0,004985
0,007071
0,040395
0,042808
0,074244
0,114123
0,107725
0,071512
0,061742
0,094621
0,062493
0,066920
0,037843
0,012040
-0,169732
0,119375
0,345748
-0,008324
-0,011858
-0,148479
-0,072496
-0,048104
-0,024442
-0,159454
0,046661
0,188164
0,182322
0,189584
0,085430
0,074099
0,037832
-0,026172
-0,220179
-0,184800
-0,168098
-0,119964
-0,077682
-0,052986
-0,012688
0,039113
0,005891
-0,057247
-0,077639
-0,131497
-0,114243
-0,153498
-0,140168
-0,067188
-0,005365
0,023274
0,072085
0,069570
0,065107
0,038647
0,001311
0,000904
0,005664
0,018759
0,030842
0,050769
0,057581
0,088907
0,082021
0,065106
0,065296
0,062657
0,045868
0,040806
0,029209
-0,029869
-0,168117
0,245709
0,215541
-0,008273
-0,000298
-0,117628
-0,070922
-0,041633
-0,028324
-0,148011
0,059124
0,125927
0,151449
0,134443
0,081193
0,046685
0,059411
-0,049918
-0,208884
-0,147053
-0,148363
-0,103463
-0,080666
-0,038205
-0,005887
0,042847
-0,017830
-0,065247
-0,102651
-0,120097
-0,121926
-0,146661
-0,126670
-0,021359
0,037055
0,035135
0,069724
0,056490
0,041850
0,012329
-0,038131
-0,036319
0,005313
0,034901
0,039678
0,051799
0,078665
0,090091
0,080561
0,066938
0,025421
0,050748
0,078476
0,023292
-0,041319
-0,184499
0,323950
0,192459
0,007894
-0,075411
-0,117084
-0,051273
0,000557
-0,068522
-0,108678
0,170665
0,156125
0,174020
0,122558
0,090784
0,036346
0,072385
-0,109607
-0,226522
-0,139376
-0,125892
-0,079267
-0,057430
-0,029775
-0,008600
0,021153
-0,057605
-0,081276
-0,129628
-0,130572
-0,094640
-0,114620
-0,081068
0,005506
0,028568
0,037786
0,073855
0,045833
0,041519
0,006115
-0,011446
-0,013424
0,025277
0,018947
0,052234
0,084944
0,090158
0,088865
0,076239
0,052396
0,076179
0,063029
0,046015
0,035439
-0,135746
0,063037
0,309361
0,020223
0,014642
-0,075967
-0,070218
-0,052284
0,045218
-0,098999
0,031130
0,169283
0,147213
0,133813
0,082394
0,053062
0,050634
0,007981
-0,191147
-0,153528
-0,122676
-0,108252
-0,068052
-0,013386
-0,030605
0,026269
-0,016100
-0,080393
-0,060532
-0,095395
-0,116784
-0,112791
-0,120452
-0,039569
0,012403
0,006412
0,042146
0,059848
0,058045
0,000398
-0,001430
-0,027408
-0,000982
0,020092
0,006136
0,023438
0,076901
0,055360
0,067476
0,087750
0,065526
0,050958
0,044554
-0,072256
-0,085562
0,326295
0,057847
-0,001255
-0,093689
-0,077160
-0,066528
0,025147
-0,091713
-0,046658
0,186754
0,162938
0,152794
0,077239
0,071374
0,032207
0,037881
-0,197397
-0,204684
-0,153299
-0,107618
-0,086961
-0,045581
-0,041019
0,033651
-0,009035
-0,104482
-0,109189
-0,113557
-0,138674
-0,112237
-0,113072
-0,060037
0,024608
0,033624
0,043312
0,076390
0,044969
-0,003909
-0,027266
-0,050389
-0,001256
0,048103
0,046670
0,058652
0,044066
0,089885
0,124992
0,068668
0,091516
0,075206
0,031669
-0,198505
0,235802
0,236812
0,017395
-0,010787
-0,111072
-0,115510
0,033178
-0,011461
-0,126346
0,154289
0,220297
0,245698
0,162616
0,104124
0,016599
0,081127
-0,096928
-0,239177
-0,195018
-0,160947
-0,122703
-0,057046
-0,034516
-0,014207
0,014578
-0,039968
-0,112013
-0,140398
-0,149744
-0,126521
-0,129863
-0,121607
-0,024360
0,025981
0,033586
0,059782
0,050638
0,027113
0,016981
-0,029166
-0,019058
0,030292
0,012467
0,028654
0,057745
0,045773
0,116671
0,091347
0,086868
0,104106
0,039336
-0,168134
0,292425
0,190563
0,012942
-0,043320
-0,119180
-0,122995
0,067025
-0,015772
-0,106288
0,176993
0,232375
0,236929
0,189694
0,134782
-0,001785
0,088664
-0,108154
-0,228389
-0,211270
-0,177377
-0,144281
-0,049156
-0,050455
-0,009767
0,042392
-0,020658
-0,079517
-0,112438
-0,132191
-0,125784
-0,136041
-0,129532
-0,037378
0,002167
0,007605
0,041563
0,036429
0,032025
0,032617
-0,018336
-0,014920
0,020074
0,017806
0,015492
0,052321
0,062568
0,070950
0,086184
0,121428
0,116070
-0,128372
0,137565
0,329773
0,026114
0,011180
-0,119875
-0,133374
-0,066325
0,032108
-0,125266
0,020364
0,173522
0,254642
0,265524
0,212473
0,102983
0,098728
0,051550
-0,169285
-0,230897
-0,252187
-0,214993
-0,128658
-0,103285
-0,086595
-0,005697
0,032270
0,000371
-0,018911
-0,077868
-0,092947
-0,103521
-0,153323
-0,145399
-0,077142
-0,046029
-0,001764
0,033182
0,042398
0,044132
0,042368
0,019261
0,033550
0,057055
0,029611
0,019518
0,038345
0,056165
0,060409
0,083190
0,064031
0,027464
-0,027936
0,178158
0,259876
0,070285
0,059211
-0,069771
-0,082221
0,004020
0,006501
-0,095415
-0,030496
0,081367
0,144356
0,202096
0,174685
0,062731
0,099690
0,097161
-0,018344
-0,096687
-0,169162
-0,201881
-0,151260
-0,163178
-0,199026
-0,144086
-0,099476
-0,098076
-0,029895
-0,050717
-0,036044
-0,017819
-0,046929
-0,041693
0,004522
-0,019397
-0,010293
-0,017684
-0,036063
0,003982
-0,005140
0,003657
0,016120
0,053268
0,060061
0,088016
0,092497
0,083237
0,101130
0,115751
0,093871
0,077433
0,069163
0,075326
0,063833
0,048680
0,046904
0,035886
0,050094
0,037064
0,027706
0,029472
0,008246
-0,013498
-0,019323
-0,028188
-0,040552
-0,040531
-0,038856
-0,028044
-0,011639
-0,012073
-0,018925
-0,007101
0,002284
0,007310
-0,006588
-0,027415
-0,039516
-0,026450
-0,027872
-0,045093
-0,050693
-0,058696
-0,058967
-0,050646
-0,070036
-0,062975
-0,064998
-0,062221
-0,062075
-0,047985
-0,035555
-0,027010
-0,026738
-0,022126
0,001356
-0,006805
0,016738
0,012198
0,043937
0,046187
0,043010
0,047187
0,040295
0,043767
0,039300
0,044530
0,039380
0,054321
0,058673
0,020866
0,039308
0,071765
0,073991
0,048222
0,030293
0,006166
-0,001471
0,028179
-0,002486
-0,034928
-0,026639
-0,031929
-0,007318
0,007049
-0,032303
-0,024553
0,032530
0,069021
0,059679
0,046178
0,000453
-0,021353
-0,010924
-0,038107
-0,057316
-0,129788
-0,080568
-0,092536
-0,106584
-0,076760
-0,116097
-0,082037
-0,037306
-0,001948
0,013831
0,028030
0,063347
0,073090
0,071411
0,038785
0,015505
0,009248
-0,010158
0,005444
-0,000683
0,001352
0,032024
0,034251
0,027449
0,030500
0,053815
0,062755
-0,044212
0,173829
0,284781
0,105678
0,036312
-0,071692
-0,146798
-0,042416
-0,044227
-0,211972
-0,124638
0,036452
0,137571
0,209449
0,229128
0,143634
0,238062
0,255340
0,056327
-0,087292
-0,170590
-0,264829
-0,247717
-0,280757
-0,377282
-0,282620
-0,168607
-0,115573
-0,028423
0,024869
0,052987
0,110012
0,075195
0,016341
-0,003736
-0,024477
-0,035165
-0,065133
-0,054341
-0,064181
-0,010422
-0,007463
0,006120
0,052927
0,069913
0,107076
0,113012
0,121545
0,078545
0,105655
0,056108
-0,138914
0,182757
0,319009
0,042506
-0,002953
-0,129509
-0,178134
0,038284
0,065998
-0,157027
-0,007854
0,184352
0,297497
0,335172
0,308104
0,112603
0,196002
0,196545
-0,056262
-0,275429
-0,341229
-0,392434
-0,298291
-0,247841
-0,287753
-0,183130
-0,021314
0,032120
0,047432
0,040969
-0,034497
-0,026976
-0,078860
-0,152839
-0,129232
-0,080467
-0,050992
-0,011331
-0,019008
-0,008748
0,045455
0,055012
0,041856
0,061256
0,054525
0,063677
0,098959
0,102808
0,030796
0,087067
-0,011865
-0,171317
0,288730
0,338544
0,064139
-0,002947
-0,135179
-0,200145
0,080089
0,064902
-0,168805
-0,005258
0,215020
0,295189
0,371107
0,328167
0,111744
0,163451
0,178048
-0,083904
-0,294611
-0,355914
-0,421517
-0,301852
-0,183688
-0,201259
-0,110993
0,045885
0,072617
0,070649
0,047397
-0,048517
-0,095470
-0,130743
-0,164847
-0,137904
-0,056331
-0,004337
0,037181
0,049674
0,048162
0,083815
0,081231
0,039763
0,084687
0,056574
0,045125
0,066560
0,060992
-0,003907
0,087992
0,049822
-0,210537
0,234337
0,331655
0,074736
0,008164
-0,166561
-0,237936
0,000686
0,059337
-0,131754
-0,043911
0,187445
0,283959
0,357200
0,360978
0,109373
0,102887
0,101318
-0,099095
-0,294525
-0,343661
-0,403215
-0,257275
-0,071651
-0,063979
-0,039135
0,067536
0,075364
0,064944
0,014873
-0,132920
-0,214503
-0,173652
-0,150443
-0,118804
-0,029638
0,028748
0,071889
0,105547
0,051428
0,026069
0,053712
0,019858
0,014088
0,030270
0,025826
0,051116
0,034042
0,032265
0,030028
0,085914
0,039672
-0,151281
0,261328
0,267796
0,125379
-0,015395
-0,251976
-0,258626
-0,039688
0,033878
-0,110378
0,006742
0,172513
0,304495
0,437357
0,329934
0,080247
0,005188
-0,003075
-0,176751
-0,271502
-0,354208
-0,370424
-0,167684
0,016128
0,026182
0,061235
0,076113
0,095906
0,074923
-0,041385
-0,233457
-0,312106
-0,254735
-0,139057
-0,027919
0,040151
0,098653
0,144062
0,151497
0,068894
-0,011334
-0,037192
-0,022850
0,003552
0,015761
0,002345
0,038793
0,058857
0,062716
0,054916
0,056466
0,105973
-0,066822
0,057458
0,274313
0,126738
0,039256
-0,177700
-0,271890
-0,185069
0,031605
-0,021745
0,038776
0,134221
0,239256
0,383906
0,419235
0,193240
-0,028225
-0,063346
-0,156606
-0,223198
-0,246143
-0,303407
-0,247153
-0,052048
0,075714
0,125032
0,103330
0,013533
-0,020654
-0,056424
-0,149554
-0,278468
-0,286814
-0,214553
-0,053835
0,082989
0,114676
0,107221
0,106815
0,067746
0,020733
-0,020442
-0,044146
-0,006068
0,012660
0,030356
0,043066
0,042323
0,034753
0,050044
0,062758
0,089121
0,084864
-0,073316
0,060841
0,217311
0,151092
0,026331
-0,194690
-0,305226
-0,195606
0,037312
0,057396
0,118384
0,159616
0,215416
0,360616
0,383236
0,204986
-0,022393
-0,159510
-0,271834
-0,226086
-0,191612
-0,220365
-0,170382
-0,029448
0,054648
0,136697
0,134675
0,016721
-0,071188
-0,151172
-0,190204
-0,240619
-0,216168
-0,176486
-0,045335
0,093877
0,162731
0,154697
0,086406
0,030786
-0,012712
-0,010528
-0,014189
-0,012448
0,012119
0,037458
0,029974
0,019737
0,018953
0,047486
0,071200
0,077670
0,117532
-0,053276
0,021136
0,218795
0,123333
0,065362
-0,175575
-0,293759
-0,260466
-0,019441
0,080077
0,173772
0,185499
0,147844
0,280872
0,349519
0,278517
0,063409
-0,107212
-0,328388
-0,298138
-0,192976
-0,174208
-0,122829
-0,089196
-0,022492
0,067990
0,148377
0,108777
0,008214
-0,143586
-0,251093
-0,269902
-0,248233
-0,174165
-0,061528
0,031352
0,127338
0,184891
0,141248
0,066360
-0,024230
-0,055080
-0,047326
0,003868
0,026584
0,029830
0,052376
0,051396
0,076655
0,076070
0,067286
0,064777
0,108183
0,043179
-0,077088
0,155223
0,169332
0,129678
0,020185
-0,226066
-0,361254
-0,250569
-0,005233
0,163674
0,301947
0,219884
0,194848
0,284111
0,317205
0,290903
0,109453
-0,172532
-0,393811
-0,368366
-0,289753
-0,152930
-0,078542
-0,075851
-0,068107
-0,003478
0,097825
0,114685
0,073784
-0,097455
-0,256445
-0,341313
-0,307061
-0,195858
-0,043337
0,065894
0,121522
0,159493
0,137075
0,127834
0,054015
-0,021049
-0,046398
-0,028975
-0,003876
0,046343
0,067237
0,042620
0,047455
0,056334
0,059175
0,051819
0,088939
0,063258
-0,072656
0,107307
0,156516
0,162288
0,091296
-0,132474
-0,313126
-0,311968
-0,113856
0,077815
0,275773
0,256051
0,215051
0,230369
0,236863
0,289922
0,216323
0,016877
-0,250707
-0,377656
-0,420875
-0,310446
-0,146688
-0,062397
-0,017122
-0,005440
0,014132
0,058258
0,111513
0,077408
-0,050937
-0,223052
-0,349551
-0,334485
-0,209253
-0,035560
0,090264
0,161522
0,154244
0,122684
0,105332
0,080004
0,048015
0,009887
-0,007734
-0,004499
0,011564
0,028312
0,038640
0,057827
0,031801
0,029116
0,038564
0,058417
0,056996
0,000870
0,096318
0,144257
0,130000
0,091943
-0,072173
-0,211748
-0,260411
-0,161759
-0,014091
0,133797
0,212384
0,225342
0,230492
0,217738
0,229947
0,201014
0,104422
-0,052255
-0,207450
-0,333791
-0,374167
-0,307594
-0,214378
-0,112400
-0,052701
-0,024948
-0,003708
0,044339
0,068593
0,078407
0,028300
-0,086039
-0,175494
-0,214768
-0,178262
-0,089063
0,007870
0,064984
0,088269
0,080070
0,080964
0,085566
0,078878
0,067123
0,047234
0,033569
0,020302
0,039051
0,053241
0,054922
0,043187
0,014443
-0,000185
0,003507
0,029398
0,017652
0,034393
0,097029
0,111030
0,143256
0,089215
-0,001521
-0,090607
-0,135872
-0,113405
-0,056384
0,022666
0,061336
0,078103
0,067710
0,070523
0,084644
0,091724
0,108383
0,078522
0,026633
-0,048304
-0,113673
-0,156815
-0,178042
-0,173729
-0,170032
-0,158400
-0,159304
-0,142064
-0,100077
-0,045911
-0,002800
0,024584
0,040567
0,029147
0,023365
0,033751
0,033696
0,019525
0,008889
0,000033
-0,002580
0,005357
0,013387
0,021499
0,033116
0,044197
0,039479
0,042983
0,045315
0,044111
0,051090
0,055882
0,032377
0,038561
0,040742
0,036986
0,035336
0,043816
0,035461
0,021093
0,036452
0,054250
0,065666
0,036460
-0,003465
-0,054804
-0,084069
-0,066765
-0,050297
-0,024213
-0,001057
0,008942
0,007490
0,005848
0,009842
0,001863
0,017929
0,025092
0,012090
-0,001605
-0,006629
-0,006990
-0,015749
-0,011666
-0,017467
-0,028165
-0,044970
-0,063944
-0,066395
-0,070556
-0,073285
-0,063330
-0,052362
-0,047431
-0,033431
-0,026728
-0,019110
-0,004290
0,007443
0,018427
0,014595
0,013195
0,010469
0,017779
0,025375
0,028871
0,033391
0,033386
0,029686
0,033310
0,042246
0,044964
0,039775
0,030851
0,025608
0,025267
0,022240
0,025315
0,031303
0,016049
0,005576
0,013676
0,026556
0,042726
0,043768
0,018797
-0,017710
-0,027300
-0,020238
-0,017422
-0,004665
0,007886
0,003181
-0,010829
-0,026785
-0,029722
-0,000819
0,025686
0,029804
0,025190
0,013733
-0,005153
-0,019308
-0,014562
-0,006867
-0,016267
-0,034962
-0,052010
-0,063340
-0,068901
-0,059184
-0,049403
-0,043080
-0,046159
-0,051399
-0,046077
-0,040184
-0,032859
-0,031527
-0,023898
-0,012000
-0,015314
-0,016431
-0,002761
0,007482
0,014121
0,024726
0,025116
0,012240
0,009015
0,011950
0,011725
0,019978
0,029961
0,033571
0,036964
0,035589
0,031261
0,029481
0,026237
0,022686
0,017745
0,014546
0,016707
0,024395
0,031885
0,036434
0,038268
0,024283
0,006808
-0,002528
0,000707
0,010690
0,009008
0,003666
-0,006216
-0,007453
0,002782
0,009169
0,017541
0,019855
0,016117
0,010318
-0,003332
-0,008408
-0,012924
-0,015326
-0,008670
-0,008677
-0,015156
-0,016430
-0,020023
-0,022062
-0,029410
-0,025550
-0,014924
-0,012347
-0,007364
-0,007576
-0,009038
0,000561
0,009289
0,018746
0,022237
0,013806
0,008737
0,008684
0,013256
0,017571
0,024114
0,025351
0,008216
0,000235
0,006950
0,004459
0,037872
0,026135
0,001904
-0,006595
-0,008821
0,007066
0,015644
0,006226
0,002696
-0,005797
-0,010647
-0,010460
-0,008179
-0,003524
-0,011992
-0,022673
-0,037619
-0,044986
-0,053637
-0,054613
-0,039079
-0,020864
-0,016068
-0,020223
-0,021969
-0,026478
-0,019403
-0,000870
0,017729
0,022455
0,013032
0,000448
-0,015722
-0,014353
-0,005447
-0,008087
-0,015052
-0,026790
-0,044976
-0,050233
-0,032981
-0,013744
-0,013149
-0,014702
-0,010603
-0,013412
-0,000330
0,011099
0,015160
0,007110
0,022005
0,027101
0,003505
0,017055
0,026940
0,033320
0,047746
0,041251
0,031132
0,040089
0,039195
0,040082
0,042351
0,041345
0,042327
0,045815
0,040534
0,030199
0,025228
0,024183
0,026644
0,019905
0,020585
0,026664
0,031506
0,042052
0,041226
0,035446
0,008376
-0,016390
-0,031104
-0,036411
-0,015458
0,007160
0,023295
0,028908
0,014869
0,012028
0,019577
0,031885
0,040836
0,046070
0,026745
-0,002749
-0,029587
-0,042224
-0,040329
-0,041201
-0,034142
-0,046657
-0,066936
-0,071769
-0,060374
-0,055772
-0,049690
-0,044117
-0,035164
-0,037123
-0,024042
-0,030160
-0,013752
-0,003655
-0,000269
0,024921
-0,007005
-0,020403
-0,018626
0,002678
0,025190
0,032060
0,025205
0,013886
0,008518
0,013726
0,016133
0,012656
0,003274
-0,000629
-0,003135
-0,006318
-0,006928
-0,006026
-0,004538
-0,020845
0,016671
0,031692
0,068623
0,079652
0,041691
-0,016016
-0,068341
-0,089490
-0,093286
-0,051300
-0,004396
0,013817
0,028165
0,013140
0,006429
0,014383
0,040974
0,055396
0,047103
0,016267
-0,051103
-0,110072
-0,151830
-0,172901
-0,173102
-0,142954
-0,114433
-0,112579
-0,110166
-0,096785
-0,070733
-0,035049
0,007185
0,020493
0,023395
0,030949
0,024995
0,021451
0,029027
0,028229
0,021394
0,024486
0,017303
0,025185
0,042730
0,051959
0,055841
0,053407
0,054782
0,051541
0,055463
0,055784
0,059642
0,069960
0,059910
0,065145
0,061904
0,057331
0,034430
0,021958
0,085891
0,089041
0,131764
0,111802
0,016276
-0,092873
-0,171482
-0,179686
-0,135755
-0,012864
0,074326
0,113181
0,128054
0,096154
0,091444
0,091824
0,125876
0,126337
0,091978
0,013361
-0,108194
-0,208453
-0,269595
-0,255872
-0,208325
-0,142054
-0,087856
-0,057916
-0,025883
-0,003536
0,024788
0,044471
0,053193
0,024607
-0,015342
-0,053548
-0,083843
-0,085715
-0,066624
-0,047488
-0,050736
-0,046804
-0,041610
-0,008098
0,040131
0,094976
0,115445
0,101882
0,078992
0,055775
0,050331
0,052205
0,059268
0,058036
0,054725
0,047067
0,050266
0,071593
0,067429
0,039059
0,143239
0,161835
0,199407
0,197293
0,057071
-0,085988
-0,201902
-0,204484
-0,128257
0,028968
0,174915
0,232175
0,256620
0,209434
0,168820
0,133973
0,124051
0,078149
-0,015942
-0,143611
-0,299226
-0,375051
-0,380946
-0,297961
-0,172104
-0,058951
0,015580
0,025236
0,021608
0,028459
0,013590
0,014013
-0,048007
-0,145265
-0,215353
-0,230062
-0,172862
-0,063418
0,041091
0,092002
0,104638
0,070688
0,031655
0,007938
-0,002569
-0,015847
-0,024171
-0,057166
-0,077256
-0,066337
-0,050201
-0,031216
-0,022861
-0,038061
-0,057257
-0,050544
-0,031916
0,010862
-0,002669
-0,040908
0,088952
0,084945
0,131592
0,116999
-0,058069
-0,195906
-0,269059
-0,187339
-0,021758
0,228070
0,390593
0,412300
0,395573
0,282385
0,209268
0,158774
0,131851
0,052793
-0,063425
-0,186094
-0,305454
-0,289654
-0,186195
-0,009657
0,135065
0,205243
0,178633
0,084775
0,000710
-0,078732
-0,054695
-0,094913
-0,136040
-0,218412
-0,262458
-0,192763
-0,057405
0,114551
0,190274
0,176375
0,061900
-0,029805
-0,097280
-0,095802
-0,066902
-0,040869
-0,023189
-0,028291
-0,017924
-0,000010
0,037609
0,047628
0,032765
-0,007799
-0,050161
-0,065852
-0,019652
0,017156
0,053379
-0,053988
-0,087064
0,083000
0,018033
0,178505
0,054434
-0,169040
-0,322961
-0,361916
-0,222556
0,019224
0,313887
0,374764
0,340181
0,260527
0,080586
0,043547
0,010244
-0,000205
-0,114039
-0,216493
-0,323575
-0,318237
-0,142381
0,065568
0,247984
0,281224
0,218672
0,059018
-0,068470
-0,082895
-0,063417
-0,014441
-0,006405
-0,046439
-0,062295
0,009816
0,125809
0,244619
0,277719
0,208503
0,092980
-0,021469
-0,039659
-0,010981
0,054390
0,082116
0,072561
0,031364
0,008098
0,003688
0,019954
0,029919
-0,004188
-0,036334
-0,069396
-0,075232
-0,039575
0,015043
-0,006045
0,008227
-0,136791
-0,131026
0,076166
0,048515
0,195070
-0,001104
-0,223952
-0,409448
-0,372068
-0,183452
0,080818
0,348140
0,341531
0,255134
0,122703
-0,006367
-0,005991
-0,030269
-0,057720
-0,234036
-0,342563
-0,418627
-0,315191
-0,069362
0,132885
0,249094
0,184809
0,015021
-0,165890
-0,233186
-0,211837
-0,121295
-0,108694
-0,108581
-0,135076
-0,098652
0,042932
0,149996
0,203300
0,139041
0,016583
-0,076659
-0,077573
-0,006064
0,092490
0,147000
0,106705
0,055740
0,010397
0,014655
0,035486
0,066395
0,069314
0,055137
0,032139
0,026708
0,035127
0,060084
0,059653
0,070503
0,010088
0,000212
-0,133139
0,058169
0,199576
0,223205
0,265853
-0,062257
-0,272422
-0,382336
-0,255415
-0,028247
0,261213
0,391975
0,314408
0,233264
0,102539
0,064986
0,079075
0,021860
-0,111455
-0,304138
-0,368213
-0,344853
-0,119919
0,127375
0,267759
0,232128
0,069169
-0,127861
-0,241365
-0,204465
-0,129454
-0,101162
-0,125835
-0,150634
-0,128437
0,019833
0,189169
0,246512
0,187906
-0,013504
-0,164528
-0,201731
-0,092608
0,048703
0,150749
0,131242
0,077662
0,016199
-0,008821
0,005646
0,009575
0,011196
-0,006408
-0,010331
-0,001045
0,015924
0,048768
0,034196
0,016591
-0,051576
-0,080437
-0,043644
-0,066482
-0,027273
0,196860
0,136134
0,176939
-0,013243
-0,267478
-0,393085
-0,338942
-0,131445
0,108873
0,316822
0,318853
0,244787
0,189929
0,093287
0,079210
-0,011732
-0,134440
-0,315165
-0,384425
-0,328059
-0,127001
0,107272
0,245942
0,240495
0,084305
-0,071718
-0,181236
-0,201382
-0,157630
-0,129634
-0,120737
-0,108190
-0,054030
0,071168
0,216340
0,250028
0,182016
0,024338
-0,114130
-0,154452
-0,075667
0,054454
0,146097
0,170504
0,133945
0,098372
0,071848
0,065994
0,055063
0,027881
0,018297
0,028584
0,040767
0,077196
0,068711
0,047172
0,001880
-0,028964
-0,009625
-0,005560
0,046028
0,017536
-0,016862
0,184865
0,098204
0,181892
-0,016218
-0,226550
-0,357375
-0,322847
-0,105111
0,133792
0,346479
0,325348
0,249493
0,132997
0,026649
0,012093
-0,077616
-0,150877
-0,299336
-0,335653
-0,283623
-0,100149
0,105044
0,213522
0,190643
0,014834
-0,138319
-0,238597
-0,228378
-0,166081
-0,118681
-0,115671
-0,087705
-0,028105
0,062520
0,175495
0,176243
0,089733
-0,041786
-0,144515
-0,141302
-0,054413
0,071675
0,144550
0,153890
0,099969
0,055621
0,011298
0,004435
0,005001
0,004944
0,012042
0,029053
0,042384
0,057973
0,050809
0,024017
-0,001965
-0,022901
-0,025101
-0,005521
0,020877
0,016276
-0,063910
0,108832
0,087983
0,135170
0,053036
-0,196058
-0,310863
-0,322818
-0,125742
0,097965
0,311831
0,315720
0,210018
0,124059
0,029843
0,037821
-0,016099
-0,103916
-0,251961
-0,330491
-0,275378
-0,108208
0,094809
0,195681
0,172664
0,010630
-0,133904
-0,199885
-0,176255
-0,116018
-0,091924
-0,098255
-0,096252
-0,024452
0,056973
0,161374
0,156349
0,077358
-0,029982
-0,095439
-0,075502
0,001487
0,093347
0,115776
0,108512
0,050791
0,023365
0,023804
0,042120
0,054530
0,051500
0,027827
0,029457
0,035949
0,053806
0,061364
0,031724
-0,004625
-0,023973
-0,023469
0,009447
0,054105
0,030185
-0,069389
0,092294
0,080935
0,156378
0,092202
-0,134146
-0,280071
-0,305832
-0,131786
0,078409
0,281228
0,285993
0,197303
0,112060
0,038575
0,064358
0,004746
-0,080755
-0,234920
-0,310988
-0,260779
-0,087706
0,097207
0,183387
0,133499
-0,017914
-0,131002
-0,167804
-0,143434
-0,105725
-0,089879
-0,123194
-0,116037
-0,034212
0,061729
0,151212
0,144528
0,058441
-0,036569
-0,084811
-0,055394
0,019677
0,077025
0,087783
0,073118
0,039044
0,036224
0,045461
0,048661
0,046283
0,035358
0,017752
0,027152
0,041960
0,043694
0,037756
-0,002371
-0,017575
-0,023897
0,007562
0,019392
0,044328
-0,046681
0,034959
0,094028
0,114465
0,127712
-0,067213
-0,213948
-0,293213
-0,179938
-0,006638
0,192326
0,251821
0,193807
0,134360
0,067027
0,074616
0,048655
-0,049879
-0,188559
-0,287887
-0,275503
-0,137254
0,050931
0,133981
0,126586
0,018209
-0,098564
-0,134384
-0,126139
-0,104407
-0,094279
-0,122158
-0,124979
-0,058194
0,036923
0,124840
0,136895
0,070681
-0,020127
-0,074677
-0,066285
-0,013471
0,048726
0,074436
0,071133
0,051128
0,043733
0,041914
0,047120
0,037487
0,027193
0,016112
0,026817
0,045168
0,054621
0,049790
0,020988
-0,015651
-0,029399
-0,020325
0,020090
0,022198
0,006360
0,092027
0,081353
0,117779
0,043173
-0,089512
-0,188680
-0,205539
-0,115385
0,029038
0,163587
0,186372
0,171039
0,120182
0,086378
0,080659
0,022399
-0,083496
-0,203675
-0,260897
-0,214025
-0,069979
0,059236
0,109509
0,069728
-0,022643
-0,084266
-0,099765
-0,092670
-0,094090
-0,118690
-0,139262
-0,102301
-0,021256
0,069513
0,122119
0,095445
0,031805
-0,035103
-0,060390
-0,038216
0,002240
0,038853
0,060733
0,065485
0,058767
0,049488
0,040096
0,035760
0,031037
0,030990
0,034103
0,038611
0,045407
0,045453
0,024240
0,009963
-0,005490
-0,014485
-0,000057
-0,017864
0,042745
0,084126
0,103509
0,093713
-0,022281
-0,125229
-0,182118
-0,140401
-0,036342
0,094892
0,151133
0,151309
0,126718
0,097322
0,091638
0,057980
-0,019889
-0,127171
-0,200473
-0,207500
-0,124809
-0,006398
0,069090
0,077815
0,026035
-0,042039
-0,079365
-0,081695
-0,082936
-0,095835
-0,117034
-0,118968
-0,064503
0,013068
0,081440
0,099713
0,070317
0,013575
-0,026997
-0,041210
-0,029421
-0,004553
0,016007
0,033431
0,047599
0,051717
0,052051
0,044812
0,028468
0,024005
0,021390
0,025836
0,037606
0,033235
0,018315
0,003577
-0,002613
0,001621
-0,012455
0,031615
0,050991
0,065462
0,051945
-0,026671
-0,092993
-0,126592
-0,098578
-0,031728
0,059140
0,099592
0,118831
0,115607
0,098845
0,089160
0,054764
-0,014409
-0,100207
-0,156561
-0,168615
-0,112315
-0,031701
0,025591
0,044529
0,024886
-0,003427
-0,029087
-0,046571
-0,077870
-0,104157
-0,128563
-0,109681
-0,059726
0,004250
0,053048
0,068385
0,064871
0,036294
0,014402
-0,013461
-0,029119
-0,029749
-0,014782
0,008643
0,033352
0,043887
0,043783
0,038388
0,033840
0,031294
0,027292
0,032434
0,021479
0,019324
0,012172
0,007179
0,004858
0,003128
-1,082508
0,043514
0,058956
0,024508
-0,025277
-0,075867
-0,088682
-0,065845
-0,011038
0,048391
0,081144
0,113908
0,114559
0,101336
0,073080
0,030032
-0,028376
-0,074298
-0,101448
-0,106130
-0,071971
-0,035035
-0,001243
0,014094
0,011715
-0,003348
-0,018610
-0,036279
-0,056135
-0,066893
-0,071255
-0,059664
-0,035148
-0,007311
0,011384
0,023623
0,022306
0,019719
0,013497
0,008536
0,004064
0,002084
0,004106
0,011283
0,017800
0,022036
0,025812
0,020398
0,017621
0,015025
0,015912
0,016086
0,022654
0,014346
0,014181
0,007064
-0,005767
0,005571
0,026417
0,030258
0,033188
0,010210
-0,027824
-0,047176
-0,047209
-0,033215
0,003904
0,037547
0,059515
0,073708
0,068584
0,055375
0,037596
0,008602
-0,027749
-0,056186
-0,073055
-0,074752
-0,048308
-0,024272
-0,005711
0,000774
-0,007967
-0,023771
-0,031549
-0,038900
-0,044960
-0,044404
-0,047604
-0,031825
-0,007912
0,014767
0,025765
0,027037
0,011654
0,004146
-0,004034
-0,008619
-0,005777
0,001547
0,008443
0,017952
0,019654
0,017396
0,018622
0,015247
0,012052
0,012410
0,011172
0,008522
0,009458
0,009121
0,009380
0,010780
0,008459
0,015114
0,009892
0,004712
-0,000465
-0,007837
-0,013887
-0,015032
-0,011872
-0,001336
0,017703
0,034664
0,044916
0,045034
0,034902
0,019779
0,003351
-0,013881
-0,028800
-0,041606
-0,043951
-0,039883
-0,030181
-0,022178
-0,012520
-0,008682
-0,010927
-0,018213
-0,027866
-0,033653
-0,035942
-0,029248
-0,017204
-0,005151
0,006878
0,016118
0,018009
0,015792
0,011139
0,005918
0,004907
0,006637
0,008384
0,007701
0,010383
0,015627
0,022034
0,023633
0,023805
0,014256
0,007685
0,013852
0,008726
0,008822
0,005361
-0,000965
0,002556
0,004544
0,005109
0,012857
0,017202
0,015437
0,012447
0,002856
-0,001476
-0,002580
0,001339
0,001652
0,003246
0,004163
0,008491
0,009416
0,007242
0,002086
-0,004020
-0,014730
-0,021352
-0,025187
-0,028949
-0,027199
-0,020564
-0,018464
-0,012643
-0,012560
-0,012013
-0,010634
-0,011761
-0,012343
-0,013206
-0,011436
-0,008484
-0,002596
-0,002007
-0,002016
0,002739
0,007279
0,013795
0,017012
0,010289
0,001992
0,003356
0,009922
0,019781
0,022880
0,013877
0,005402
-0,000681
0,002154
0,006586
0,008853
0,006564
0,005417
0,003000
0,006566
0,008818
0,012562
0,013282
0,010660
0,006459
0,001674
0,003825
0,004005
0,002247
-0,006048
-0,007122
-0,010223
-0,005059
-0,001023
-0,001186
-0,001596
-0,002785
-0,003533
-0,004022
-0,007318
-0,013013
-0,013548
-0,016682
-0,014169
-0,013686
-0,015759
-0,017408
-0,015868
-0,016857
-0,015414
-0,011365
-0,005147
0,001191
0,003044
0,000535
-0,004966
-0,006626
-0,001960
0,004417
0,006003
0,006943
0,008038
0,007893
0,009005
0,010996
0,009577
0,009508
0,008885
0,009187
0,012534
0,015334
0,017660
0,015512
0,009000
0,003271
0,002156
0,005225
0,011231
0,013922
0,010739
0,005272
0,002733
0,001716
0,006785
0,006387
0,000416
-0,006778
-0,012028
-0,016311
-0,011950
-0,007052
-0,005391
-0,004629
-0,009215
-0,012928
-0,014568
-0,014770
-0,010766
-0,008796
-0,012518
-0,016576
-0,018458
-0,016802
-0,011481
-0,004069
-0,001943
-0,002852
-0,009082
-0,011943
-0,010374
-0,006051
0,000649
0,004973
0,004737
0,000900
-0,001503
0,002033
0,009433
0,015416
0,018613
0,013906
0,006191
0,002700
0,003608
0,008833
0,014956
0,014644
0,014100
0,014740
0,012377
0,013924
0,015409
0,014529
0,012318
0,008162
0,001585
0,000541
0,000731
0,004695
0,007372
0,005757
0,003658
-0,000879
-0,002497
-0,002792
-0,000123
-0,000614
-0,006010
-0,012229
-0,015426
-0,015209
-0,010733
-0,004501
-0,003345
-0,003257
-0,009661
-0,013704
-0,013338
-0,010073
-0,005714
-0,005372
-0,008875
-0,012409
-0,014180
-0,009034
-0,002007
0,003440
0,004868
0,000423
-0,002798
-0,002557
0,001398
0,006171
0,008134
0,006575
0,001087
-0,001845
-0,001393
0,005617
0,011114
0,013115
0,012411
0,007955
0,004881
0,003592
0,003747
0,008014
0,007897
0,008103
0,005120
0,002660
0,002945
0,003551
0,004785
0,002206
0,001014
-0,000194
-0,001103
-0,003441
-0,002931
-0,002814
-0,003526
-0,000688
-0,001676
-0,003276
-0,001846
-0,002667
-0,005430
-0,009811
-0,013342
-0,014324
-0,012626
-0,007736
-0,003776
-0,002013
-0,001214
-0,003269
-0,005743
-0,007574
-0,005673
-0,005685
-0,004618
-0,003289
-0,003522
-0,001498
-0,000262
0,001530
0,000619
0,002522
0,003440
0,003636
0,003763
0,004637
0,005793
0,004458
0,005265
0,004834
0,003477
0,002376
0,002050
0,002970
0,005106
0,007198
0,008958
0,009468
0,008298
0,006858
0,004764
0,001694
-0,000198
-0,003133
-0,003345
-0,002767
0,000819
0,003497
0,005099
0,004235
0,002945
0,001869
-0,002601
-0,004685
-0,006340
-0,005759
-0,005236
-0,004759
-0,001126
0,000761
0,000668
-0,002366
-0,004959
-0,007353
-0,005817
-0,003118
-0,001834
-1,003076
-0,003700
-0,004797
-0,001327
0,000861
0,002831
0,001420
0,000858
0,000025
-0,003996
-0,003695
-0,001599
0,001480
0,003256
0,003554
0,003133
0,002474
0,003007
0,003360
0,004212
0,004118
0,003427
0,002921
0,000990
0,001101
0,000627
-0,000866
-0,001410
-0,001889
-0,001278
0,000906
0,003447
0,004452
0,006316
0,003085
0,000935
-0,004373
-0,006783
-0,006985
-0,004461
-0,001044
0,000176
0,001004
0,001298
0,002295
0,001335
0,001248
-0,000837
-0,003096
-0,004662
-0,006701
-0,007988
-0,006280
0,000552
0,002875
0,005487
0,005248
0,000810
-0,003347
-0,005786
-0,006798
-0,006106
-0,005044
-0,001854
-0,000137
0,000972
0,002851
0,005181
0,004996
0,001225
-0,001739
-0,005587
-0,007198
-0,002323
0,001399
0,005746
0,005721
0,004955
0,004536
0,003064
0,002091
0,003134
0,000822
-0,000309
-0,000923
0,001018
0,004133
0,004487
0,004612
0,001227
-0,002800
-0,004338
-0,003852
-0,001800
0,003435
0,005623
0,004830
0,002971
0,001409
-0,001044
-0,000911
-0,001917
-0,003296
-0,001877
-0,002565
-0,000460
0,003497
0,005544
0,005133
0,003154
-0,002056
-0,003988
-0,004970
-0,004979
-0,003424
0,000365
0,002190
0,003199
0,003470
0,000371
-0,001279
-0,005346
-0,005049
-0,002654
-0,003253
-0,002723
-0,001163
0,001011
0,004045
0,006596
0,004733
0,002156
-0,001196
-0,003680
-0,004798
-0,002059
0,002932
0,007203
0,007541
0,004551
-0,000485
-0,004701
-0,002577
0,000233
0,001997
0,002586
0,001942
0,000083
0,001241
0,002472
0,002694
0,000363
-0,002240
-0,006337
-0,007785
-0,003876
0,001504
0,003970
0,003995
0,002112
-0,000678
-0,002613
-0,003264
-0,002875
-0,002376
-0,003881
-0,003912
-0,003146
0,001294
0,004838
0,006179
0,004958
-0,000442
-0,005375
-0,006139
-0,007595
-0,005103
-0,001578
0,001212
0,002525
0,002753
0,000472
-0,002140
-0,002774
-0,003092
-0,002509
-0,002205
-0,002486
-0,002084
-0,000329
0,002202
0,003504
0,002108
0,001290
-0,000099
-0,001383
-0,000612
0,002259
0,003669
0,005146
0,004802
0,002729
0,000080
-0,002791
-0,003180
0,000333
0,002749
0,004810
0,004300
0,004435
0,003380
0,002670
0,001795
-0,001392
-0,002644
-0,004289
-0,002933
-0,001863
-0,000169
0,002007
0,004021
0,004586
0,004363
0,001996
-0,001224
-0,003771
-0,004059
-0,002156
-0,000829
-0,000454
0,001810
0,003532
-0,021036
0,000962
-0,000955
-0,001908
-0,002988
-0,004119
-0,002756
-0,000801
0,000596
0,000558
0,002829
0,001239
0,000178
-0,000619
-0,003011
-0,002581
-0,002952
0,998566
-0,001335
-0,000770
-0,000079
0,001447
0,000439
-0,000062
0,002364
-0,001619
-0,001511
0,001181
0,000114
0,003437
0,003276
0,000026
-0,003392
-0,003696
-0,002884
-0,000597
0,001065
0,002906
0,001951
-0,000313
0,001373
0,002873
0,001879
0,002279
-0,001145
-0,004037
-0,005984
-0,006558
-0,002852
0,000679
0,004525
0,005260
0,003793
0,001104
-0,003029
-0,004975
-0,005946
-0,003863
-0,001964
-0,001877
-0,001032
0,002619
0,004348
0,003011
0,002151
-0,001046
-0,003344
-0,004249
-0,003316
-0,001353
0,000996
0,000659
0,000317
0,002290
0,002125
0,000405
0,001477
-0,000846
-0,002985
-0,003798
-0,001960
0,001223
0,002857
0,001207
0,004299
0,001081
-0,001941
0,002173
0,000615
0,001091
0,003223
0,001941
0,000169
-0,000850
0,000048
0,002390
0,002811
0,002285
0,001159
0,000145
-0,000081
0,001306
0,126842
0,003443
0,001131
-0,002506
-0,002718
-0,003235
-0,000600
0,000283
0,001098
0,000550
-0,000460
-0,002672
0,000248
0,002492
0,000694
-0,000207
-0,001325
-0,001716
-0,002727
-0,000115
0,002409
0,002637
0,000701
-0,001565
-0,002780
-0,000749
-0,000014
-0,000872
-0,002191
-0,002922
-0,002579
-0,000408
0,001612
0,001029
0,000990
-0,000854
-0,005250
-0,004805
-0,003369
-0,004046
-0,000166
0,000599
0,002188
0,003107
0,000719
0,001458
-0,000039
-0,000825
-0,000112
-0,000791
-0,003029
-0,002922
-0,000015
0,001833
0,004950
0,004604
0,001717
0,000652
0,000274
0,000603
0,001450
0,002432
0,002016
0,000198
-0,000749
-0,001795
0,000065
0,001626
-0,000254
-0,000003
-0,002155
-0,003622
0,000075
0,001254
0,001606
0,003219
0,003434
0,000367
-0,000310
-0,002660
-0,003197
0,000749
0,000649
-0,000045
-0,000614
-0,000244
-0,001455
-0,000161
0,001990
-0,000087
-0,002578
-0,001823
-0,003909
-0,002893
-0,000391
0,000530
0,000296
-0,002089
-0,004971
-0,003019
-0,001584
-0,001022
-0,000110
-0,000229
-0,000524
-0,002874
-0,001773
0,000450
0,000692
-0,000972
-0,001276
-0,000355
-0,000379
0,000170
0,004167
0,005403
0,001707
0,000723
0,002076
-0,000921
0,000160
0,001797
0,001525
0,002095
0,001561
0,003635
0,003259
0,002622
0,003809
0,003807
0,002712
0,000406
0,003352
0,002382
0,002234
0,001094
0,004989
0,007461
0,005533
0,003435
0,000727
-0,000295
-0,002090
-0,000357
0,002644
0,003754
0,003161
0,001033
-0,000028
-0,000980
-0,002303
-0,001581
-0,001176
0,000039
-0,002355
-0,001492
-0,000241
-0,001086
0,000724
-0,000749
-0,001612
-0,002745
-0,004220
-0,003253
-0,002049
-0,000623
-0,001866
-0,001562
-0,001679
-0,003675
-0,002846
-0,001685
-0,002538
-0,002252
-0,002228
-0,000728
0,000067
0,000461
-0,000770
-0,002745
-0,002541
-0,005518
-0,004457
-0,002147
-0,002087
0,000277
0,001969
0,001670
0,001463
-0,001281
-0,000997
-0,001651
-0,002000
-0,000183
-0,000441
-0,002313
-0,001630
0,002143
0,002064
0,001826
0,003128
0,002707
-0,000049
-0,002676
-0,001250
-0,000508
0,001789
0,001995
0,002622
0,002001
-0,000630
-0,000680
0,001172
0,001200
0,000430
0,002022
0,000414
0,000115
0,000041
0,000947
0,003146
0,001639
0,000835
0,000330
-0,000162
-0,000631
0,000289
0,000226
0,001234
-0,002009
-0,002524
0,000194
-0,001750
-0,001435
0,000011
-0,002050
-0,002849
-0,000574
-0,000031
-0,002073
-0,003480
-0,003068
-0,003488
-0,005796
-0,003574
-0,000154
-0,000924
-0,000734
0,000081
-0,001209
-0,002367
-0,002621
-0,002460
-0,003171
-0,002995
-0,003384
-0,003401
-0,002581
-0,000288
-0,000737
0,000800
0,000678
-0,000311
0,000447
-0,000208
-0,000744
-0,002225
0,000622
0,000600
0,001359
0,000210
0,001945
0,000577
-0,000890
0,000923
0,000929
0,001204
0,001591
0,001532
0,001565
0,001216
0,002398
0,002624
0,002279
0,002115
0,004111
0,003615
0,004077
0,003975
0,003326
0,003534
0,004288
0,004729
0,005645
0,005911
0,003848
0,003799
0,005307
0,004457
0,006865
0,004743
0,003373
0,003642
0,000773
0,002224
0,002949
0,003449
0,004098
0,003401
0,002985
0,001940
0,002499
0,002769
0,002089
0,002445
0,000557
0,000952
0,001377
0,000862
0,001729
0,001145
-0,000036
0,001213
0,001064
0,000256
0,000072
0,000615
-0,001044
-0,002021
-0,000685
-0,001300
-0,000542
-0,001169
-0,002510
-0,003189
-0,002183
-0,001966
-0,002006
-0,003759
-0,004193
-0,003853
-0,005269
-0,004153
-0,002142
-0,001421
-0,004218
-0,005002
-0,002137
-0,003584
-0,004652
-0,002858
-0,002498
-0,004537
-0,003653
-0,003416
-0,004063
-0,003340
-0,003866
-0,003093
-0,005533
-0,004725
-0,001548
-0,002022
-0,001945
-0,003415
-0,004970
-0,004871
-0,005003
-0,004303
-0,002737
-0,002365
-0,002961
-0,003504
-0,002755
-0,002584
-0,003467
-0,002647
-0,002676
-0,003584
-0,002272
-0,001361
-0,000308
-0,003376
-0,004549
-0,001324
-0,000284
-0,000237
0,000925
-0,000005
-0,002029
0,000276
0,000810
0,001067
0,001225
0,000621
-0,000022
-0,000616
0,000019
0,000192
0,001021
0,000380
0,001031
0,002087
0,001609
0,003064
0,001849
0,002065
0,000847
0,000986
0,001539
0,003742
0,003200
0,004141
0,003987
0,003210
0,004595
0,003236
0,001776
0,003040
0,002051
0,002709
0,002545
0,003465
0,005097
0,005286
0,004592
0,003769
0,001886
0,002399
0,002110
0,003140
0,002875
0,001155
0,002568
0,003970
0,003691
0,003186
0,002668
0,001922
0,000126
0,000259
0,001215
0,002670
0,003176
0,001047
0,000646
0,000276
0,001732
0,003729
0,003080
0,002483
0,000074
-0,000925
0,000241
0,001738
0,002434
0,002182
0,000831
-0,001000
-0,000203
0,000166
0,000639
0,000228
0,000285
0,001769
-0,000960
-0,003100
0,001034
0,000222
-0,001450
-0,000083
-0,002901
-0,004052
-0,001336
0,000422
0,000866
-0,001358
-0,002542
-0,002541
-0,003637
-0,003645
-0,002112
-0,000638
-0,001433
-0,000823
-0,002900
-0,001967
-0,001400
-0,002432
-0,004050
-0,004904
-0,004489
-0,005054
-0,002112
-0,001918
-0,002321
-0,001478
-0,001412
-0,002382
-0,004842
-0,004118
-0,002137
-0,003219
-0,001760
-0,001918
-0,002448
-0,002261
-0,000876
-0,000621
-0,000812
-0,001214
-0,002339
-0,002039
-0,003162
-0,001955
-0,000862
-0,001377
0,000591
-0,000632
-0,001543
-0,000847
-0,001002
-0,001083
-0,000148
-0,000142
0,001216
0,000895
0,001007
0,000231
0,000306
0,000897
-0,000175
-0,000037
-0,000532
0,001172
0,001388
0,001230
0,002771
0,003252
0,003266
0,001502
0,000900
0,002511
0,002003
0,001557
0,001539
0,000073
-0,000161
0,002805
0,003256
0,002074
0,003072
0,002284
0,000440
-0,000099
-0,000139
0,002954
0,003551
0,002271
0,001755
0,001548
0,000921
0,001275
0,003580
0,002500
0,000734
0,001810
0,001643
0,002110
0,002541
0,002279
-0,000551
-0,000409
0,000329
0,001043
0,001648
0,001693
0,001690
0,000417
-0,001663
0,000342
0,000353
-0,001682
0,000076
0,000591
-0,001481
0,001334
0,002873
0,001538
-0,000348
-0,000224
-0,000130
-0,001146
-0,000940
-0,000997
-0,000144
-0,000487
-0,002363
-0,000609
0,001574
0,002246
-0,001374
-0,001751
-0,002332
-0,003328
0,000032
-0,001714
-0,001147
-0,001961
-0,001755
-0,000181
-0,001546
-0,001285
0,000012
-0,000158
-0,004973
-0,005728
-0,003545
-0,003023
-0,000735
-0,000334
-0,002685
-0,003627
-0,002779
-0,002875
0,000180
-0,002043
-0,004622
-0,003067
-0,001810
-0,002496
-0,000215
-0,001667
-0,004768
-0,002072
-0,002843
-0,003538
-0,000169
-0,000265
-0,001885
-0,001445
-0,002742
-0,003408
0,000673
0,001037
-0,000212
-0,000633
-0,002888
-0,000059
0,000487
-0,001033
0,000123
-0,002093
-0,002636
0,000243
0,001691
-0,000722
0,000488
0,000484
0,000390
0,002748
-0,000138
0,001918
0,003753
0,000460
-0,000185
0,000871
-0,000287
0,001826
0,005348
0,003309
0,001375
0,002205
0,001095
0,002877
0,004229
0,002766
0,001642
0,000579
0,001668
0,004544
0,003632
0,002466
0,005098
0,004425
0,002046
0,001302
0,001252
0,001063
0,003558
0,003066
0,000962
0,002836
0,001882
0,002439
0,004073
0,001711
-0,000971
0,002122
0,000139
0,000672
0,003461
0,000375
0,000807
0,003284
-0,000392
-0,000659
0,000941
-0,002149
-0,000110
0,002301
-0,001436
0,000486
0,001404
-0,001772
-0,000085
0,001388
0,000195
-0,000079
-0,001256
-0,000730
-0,000874
-0,000044
-0,001514
0,000341
0,000540
0,000391
0,001842
-0,001878
-0,002211
0,002294
0,001722
-0,000555
0,000026
-0,002712
-0,001390
0,002124
-0,000137
-0,002502
-0,001418
-0,002942
0,000135
0,000227
-0,004106
-0,001914
0,000193
0,000135
-0,000619
-0,001781
-0,004562
-0,002008
-0,000060
-0,002265
-0,002244
-0,001435
-0,002106
-0,000692
-0,000592
-0,004175
-0,001691
-0,000324
-0,001221
0,000292
-0,002388
-0,002907
0,002021
-0,001388
-0,002656
-0,000928
-0,003083
-0,002174
0,001521
-0,003178
-0,002037
-0,000126
-0,000975
0,002781
0,001991
-0,002452
-0,001036
-0,001249
-0,002161
0,000813
-0,001110
-0,003200
-0,000354
0,001510
-0,000879
-0,000483
-0,000932
-0,001333
0,000299
-0,001714
-0,002189
-0,001647
0,000057
0,000334
-0,000068
-0,000537
-0,001663
0,000176
0,000007
-0,000633
-0,000771
-0,001761
0,000077
0,000723
-0,001127
0,001203
0,001099
0,000461
-0,001557
-0,000286
-0,000119
-0,000343
0,001491
0,002366
0,000532
0,000878
0,001709
0,000498
0,000901
0,000986
0,000759
-0,000813
0,000935
0,001798
0,000853
0,001541
0,002187
0,002032
0,000180
0,000084
-0,000626
0,000797
0,001416
0,000722
0,003593
0,001594
0,000320
0,002158
0,001080
-0,000188
0,000573
0,001220
-0,000544
-0,000700
0,001055
0,001398
0,001809
0,000307
-0,000536
0,000123
0,000706
0,001088
-0,001472
-0,002024
-0,000265
0,002400
0,000874
-0,000433
0,000903
-0,000499
0,000972
-0,000143
-0,000848
-0,000950
-0,000428
-0,000151
0,000128
0,000355
-0,001259
0,000503
0,000674
-0,000731
-0,001169
-0,000613
0,000275
0,001276
0,000490
0,000412
0,000254
0,000250
-0,001814
-0,001529
-0,000994
-0,002833
-0,000488
0,000192
-0,000875
0,000221
0,001107
-0,000106
-0,000100
0,000759
-0,000889
-0,000254
-0,001722
-0,000749
0,001184
-0,000082
0,000699
-0,000806
-0,000911
-0,000163
-0,000220
-0,001348
-0,001642
0,000391
0,001509
0,000364
0,000087
0,000271
0,000475
0,000052
-0,000227
-0,000184
-0,000686
0,000701
-0,000884
-0,000338
-0,000673
0,001320
0,000741
-0,000521
0,000221
-0,000096
-0,000058
-0,001369
0,000283
0,000917
-0,000967
-0,000888
0,000459
0,000605
-0,001174
-0,000019
0,000279
-0,000623
0,000248
-0,000037
-0,000799
0,001039
0,000147
-0,001077
-0,000303
0,000036
-0,000902
-0,001899
-0,002624
-0,001249
0,000641
0,000418
-0,000047
0,001046
0,000892
-0,000315
0,000141
0,000526
-0,001431
-0,001399
0,000789
0,001238
0,000668
0,000221
0,001537
0,001063
0,000516
-0,000086
-0,000982
0,000406
0,001138
0,000596
-0,001157
0,000999
0,001765
0,001259
0,000810
0,000303
-0,001024
0,000488
0,000484
0,000661
-0,000036
-0,000954
-0,000272
0,001583
0,000800
-0,001050
0,001149
0,000425
-0,000492
-0,000735
-0,001210
-0,000174
0,000770
-0,000507
-0,000316
-0,000621
-0,001517
-0,001118
-0,000281
0,000350
0,000002
-0,000888
0,000784
-0,000177
-0,000480
0,000810
-0,000179
-0,000398
-0,000815
0,000245
0,000417
-0,000043
-0,000799
0,000754
0,001490
-0,000720
-0,000116
-0,000550
-0,000814
0,000691
0,000656
0,000639
-0,000927
0,000060
0,000212
-0,000153
-0,000494
0,000503
0,000349
0,000393
0,000619
-0,001709
-0,000823
0,001359
0,000642
-0,000864
-0,000098
0,000380
-0,000501
-0,000507
0,000044
0,000126
-0,000611
-0,000779
0,001088
0,000914
-0,000376
0,000026
-0,000292
0,000578
0,000833
-0,000582
-0,000439
0,000365
0,000635
-0,000367
0,000646
-0,000772
0,000737
0,001003
-0,001376
0,000717
-0,000098
0,000358
0,000090
-0,001602
0,000495
0,000820
-0,000729
-0,000687
0,000493
-0,000200
-0,000559
-0,000130
-0,000956
-0,000630
0,000303
-0,000323
-0,000536
0,000269
-0,000103
-0,000891
0,000229
0,000150
0,000217
-0,000173
0,000767
0,000090
-0,000885
0,000305
0,000138
0,000825
0,000025
-0,000283
0,000322
0,000239
-0,000032
-0,000444
0,000766
-0,000315
0,000750
0,000118
-0,000628
0,000002
-0,000497
0,000119
0,000382
-0,000002
0,000549
-0,000890
0,000757
0,001211
-0,000079
-0,000144
0,000128
-0,000305
-0,000204
0,000691
0,000073
-0,000975
0,000254
-0,000408
-0,001243
0,000560
-0,000135
-0,000210
0,000040
0,000345
-0,000541
-0,000158
-0,000623
-0,000922
0,000351
0,000105
0,000443
-0,000108
-0,000541
0,000587
0,000049
-0,000609
-0,000624
0,000024
-0,000462
0,000341
0,000861
0,000203
0,000268
0,000671
0,000308
-0,001123
-0,001130
0,001938
-0,000062
-0,001182
0,000750
-0,000188
-0,000482
0,000433
0,000041
0,000057
-0,000686
-0,000118
0,000373
-0,000354
-0,000052
-0,000183
-0,000161
-0,000300
0,000520
-0,000672
-0,001566
0,000981
0,000770
-0,000354
0,000287
-0,000657
0,000831
0,000125
-0,001261
0,000803
-0,000283
0,000101
0,001064
-0,001211
-0,000360
0,001114
-0,000374
-0,000130
0,000766
-0,000189
-0,000302
0,000180
-0,000103
0,000374
0,000113
0,000315
-0,000245
0,000258
-0,000071
0,000671
0,000757
-0,000352
-0,000605
0,000354
0,000382
0,000895
-0,001147
-0,000142
0,000583
-0,000093
-0,000092
-0,000258
-0,000361
-0,000423
0,000485
-0,000573
0,000282
-0,000706
0,000189
0,000474
0,000514
0,000251
-0,000659
0,000120
0,000053
-0,000390
0,000642
-0,000425
-0,000064
0,001093
-0,000133
-0,000585
0,000231
0,000342
-0,000988
0,000281
0,000963
-0,000560
-0,000459
0,001194
-0,001091
-0,000075
-0,000162
-0,000027
0,000567
0,000234
0,000009
-0,000697
-0,000000
-0,000182
0,000199
0,000375
-0,000015
-0,001115
-0,000440
-0,000508
-0,000565
0,000273
-0,000218
-0,000907
0,000101
-0,000112
0,000771
0,000061
0,000371
0,000776
-0,000944
-0,000724
-0,000480
0,000663
0,000734
0,000086
0,000348
0,000889
-0,000301
0,000287
-0,000310
-0,000377
0,000012
0,000095
0,000241
0,000192
-0,000040
0,000775
0,000365
-0,000272
-0,000210
-0,000591
-0,000974
-0,000517
0,000711
0,000497
-0,000765
-0,000414
0,000761
-0,000641
-0,000895
0,000528
0,000105
-0,000987
0,000229
0,000048
-0,000955
0,000660
0,001261
-0,000728
-0,001370
0,000700
0,000403
-0,000520
0,000362
0,000121
-0,000770
0,000053
-0,000449
-0,000391
0,000528
-0,000104
0,000236
-0,000791
-0,000248
-0,000012
0,000107
0,001202
0,000703
-0,000571
0,000281
0,000662
-0,000578
-0,000295
0,000216
0,000112
0,001003
-0,000660
0,000266
0,001043
-0,001233
0,000133
-0,000450
0,000125
-0,000484
0,000180
0,000683
-0,000809
-0,000486
0,000284
-0,000267
-0,000664
0,000017
-0,000644
0,000420
-0,000456
-0,001477
-0,000247
0,001010
0,000148
-0,001411
0,001035
-0,000013
-0,000791
0,000237
0,000252
0,000399
-0,000407
0,000278
0,000023
0,000038
-0,000912
0,000544
0,000208
0,000146
-0,000459
-0,000783
-0,000060
-0,000128
-0,000028
0,000707
-0,000350
-0,000321
0,000792
0,000812
0,000009
-0,000203
0,000250
-0,000435
-0,000499
-0,000309
-0,000364
0,000609
0,000229
-0,000229
0,000158
-0,000298
-0,000271
0,000099
-0,000328
-0,000197
-0,000631
0,000910
0,000545
-0,000410
-0,000549
0,000416
0,001030
-0,001599
-0,000549
0,000221
-0,000087
0,000033
0,001066
-0,000174
-0,001068
0,000320
-0,000026
0,000051
-0,000379
-0,000135
-0,000056
-0,000509
-0,000016
-0,000287
-0,000181
0,001512
0,000877
-0,000814
-0,000258
0,000550
-0,000288
-0,001369
0,001329
0,000645
-0,001623
-0,000469
0,000539
-0,000264
0,000278
0,001127
-0,001514
0,000240
0,000827
-0,000937
0,000555
0,000559
0,000044
0,000160
0,000239
0,000287
-0,000008
-0,000435
0,000592
-0,000179
-0,000357
0,000276
0,000668
0,000306
-0,000088
0,000442
0,000577
-0,000287
0,000300
-0,000120
-0,001098
0,001304
0,000906
-0,000908
-0,000616
-0,000091
0,000711
0,000503
-0,000016
-0,001395
-0,000425
0,000097
0,001631
-0,000647
-0,001138
0,001328
-0,000428
-0,000160
-0,000071
-0,000351
-0,000472
0,000222
0,000942
-0,000325
-0,001147
0,000531
0,001490
-0,001044
-0,000470
0,000221
-0,000704
0,000570
-0,000382
-0,000107
0,000452
-0,000999
0,000317
0,000641
0,000040
-0,000846
0,000703
0,000160
0,000361
-0,001235
0,000416
0,000254
-0,000685
-0,000079
0,000021
-0,000641
-0,000246
0,000559
-0,000409
-0,000721
0,000032
0,000324
0,001130
-0,000088
-0,001107
-0,000247
0,000027
-0,000104
-0,001230
-0,000012
0,000097
-0,001031
0,000306
0,001093
-0,000179
-0,000291
0,000766
0,000733
-0,000225
-0,000209
0,000346
-0,000096
-0,000411
-0,000920
-0,000002
-0,000054
0,000365
0,000853
-0,000303
-0,000038
0,000933
-0,000285
-0,000616
0,001107
0,000185
-0,000827
-0,000093
-0,000694
-0,000209
0,000144
-0,000100
0,000186
0,000339
0,000617
-0,000374
-0,000266
-0,000082
-0,000015
-0,001273
0,000210
0,000096
-0,001212
-0,000297
0,001051
-0,000251
0,000128
0,000393
0,000112
-0,000051
-0,000017
-0,250726
0,000168
0,000232
-0,000279
-0,001329
0,000053
0,001392
-0,000934
-0,000188
-0,000071
-0,000016
0,000725
0,000012
-0,000681
-0,000028
-0,000242
-0,000346
0,000758
-0,000681
0,000007
0,000441
-0,000860
-0,000556
-0,000418
0,000184
0,000593
-0,000271
0,000957
-0,000744
-0,000598
-0,000244
0,000497
-0,000163
0,000292
0,000324
0,000070
0,000570
-0,001280
-0,000636
0,000423
-0,000025
-0,000485
0,000641
0,000664
0,000232
0,000245
0,000030
-0,000036
0,000154
-0,000559
0,000148
-0,000485
-0,001082
-0,000234
0,000441
-0,000016
-0,000103
0,000395
0,000505
-0,000193
-0,000016
0,001400
0,000243
-0,000250
-0,000676
-0,000971
0,000522
-0,000154
-0,000873
-0,000136
0,000462
0,000071
0,000438
0,000609
0,000287
0,000257
-0,000023
-0,000475
-0,000378
-0,000591
0,000124
-0,000890
-0,001983
0,000130
0,000932
0,000025
0,000491
-0,000612
0,000058
0,000618
0,001098
-0,000723
-0,000205
0,000533
-0,000964
-0,001126
-0,001067
-0,000970
0,001025
0,000967
0,000103
-0,000029
0,000642
0,000796
-0,000302
-0,000640
0,000126
0,001107
0,000016
-0,001465
-0,001683
0,000094
0,001217
0,000132
-0,000866
-0,000298
0,001376
0,000676
-0,000462
-0,001077
-0,000666
-0,000091
0,000005
-0,001339
-0,001117
0,000288
0,000584
0,000014
-0,000987
-0,000584
0,000705
0,000974
-0,000353
-0,001223
0,000300
-0,000040
-0,000067
0,000125
-0,000745
0,000150
0,000757
-0,000724
-0,000698
-0,000088
0,001430
0,001309
-0,000344
-0,000943
0,000345
0,000245
-0,000100
-0,000770
0,000439
0,000059
-0,000137
-0,000431
-0,000315
-0,000221
0,000200
0,000009
0,000076
0,000277
0,000370
0,000254
-0,000126
-0,000150
-0,000308
-0,000095
-0,000629
-0,000646
-0,001398
0,000181
-0,000818
-0,000587
-0,000077
-0,000377
0,000746
-0,000013
0,000499
0,000678
0,000739
0,000333
-0,000135
-0,000763
-0,000248
0,000642
0,000097
-0,001725
-0,000174
0,001168
-0,000248
0,000532
0,000920
0,000134
0,000083
0,000512
0,000364
-0,000567
-0,000409
-0,000348
-0,000281
-0,000341
-0,000774
0,000227
0,002251
0,000286
-0,000113
0,000235
0,000693
0,000089
0,000420
-0,001075
-0,000066
-0,001275
-0,001070
0,000261
-0,000088
-0,000858
0,000366
0,000783
-0,000649
0,000295
0,000130
0,000339
-0,000669
-0,000929
0,000367
-0,000274
-0,000793
-0,000446
-0,000231
0,000116
0,000818
0,000007
-0,000354
-0,000264
0,001723
-0,000279
0,000536
0,000463
-0,000320
-0,000835
-0,000110
0,000130
0,000044
0,000595
-0,001111
-0,000031
0,001092
0,000125
0,001274
0,001156
-0,001038
0,000049
-0,000321
-0,000621
0,000822
-0,000490
-0,000763
0,000167
-0,000207
-0,000562
-0,000208
0,000128
0,001385
-0,000569
-0,001274
0,000374
0,000100
-0,000137
-0,000228
0,000076
-0,001437
0,000157
-0,000094
-0,000460
-0,000941
-0,000102
0,000658
0,000358
-0,000828
-0,000002
0,001116
0,000641
-0,000572
-0,000252
0,000383
-0,001093
0,000533
-0,000895
-0,001318
0,000644
-0,000106
0,000348
-0,000209
0,001141
0,000947
0,000083
0,000548
0,000438
0,000316
0,000622
-0,000427
-0,001388
-0,000719
0,000700
0,000297
-0,001080
0,000145
0,000927
-0,000826
0,000111
0,001361
