-0,000075
-0,002158
0,000581
-0,000498
0,000117
0,000880
-0,000951
-0,000569
-0,001138
-0,000075
0,000776
-0,000105
0,000615
0,000875
0,000351
0,000327
-0,000202
-0,001124
0,000550
-0,000451
-0,000750
0,000910
-0,000253
0,001062
0,000677
0,000244
-0,000005
-0,000419
0,000451
0,000359
-0,000818
-0,001383
-0,000607
0,000893
-0,000161
0,000361
0,000764
-0,000008
0,000399
0,000793
-0,000196
0,000126
0,001047
0,000755
0,000347
-0,000295
-0,001188
-0,000820
-0,000827
0,000988
0,000281
-0,001171
-0,001041
0,000681
0,000813
0,001053
0,000342
-0,000651
-0,001246
0,000067
-0,000092
-0,000507
0,000072
-0,000550
0,000719
0,000432
0,000303
0,000324
0,000806
0,000520
-0,000198
-0,000565
-0,000144
0,000080
-0,000061
-0,001217
0,000937
0,000837
0,000846
0,000940
-0,000756
-0,000864
-0,001155
0,000453
0,000581
-0,000957
0,000129
0,000794
0,001184
-0,000057
-0,001629
0,000508
-0,000458
0,000982
0,000905
-0,000059
-0,000783
0,000342
0,000819
0,000381
-0,000815
0,000167
-0,000144
0,000655
-0,000269
-0,000848
-0,000597
0,000542
0,000381
-0,001018
0,000163
-0,001159
-0,001168
0,000680
-0,000998
0,000177
-0,000413
-0,000099
0,000469
-0,001028
0,000581
0,000542
0,000733
0,000830
-0,000339
-0,000653
0,001199
-0,000347
0,000462
-0,000110
-0,001110
-0,000153
-0,000544
-0,001196
-0,000070
-0,000832
0,000961
0,000140
-0,000728
-0,000329
0,000795
-0,000792
-0,000740
0,000324
-0,000535
-0,000975
-0,000434
0,000265
-0,000555
-0,000763
-0,000201
0,000761
-0,001135
0,001181
0,000016
0,001046
-0,000577
-0,001166
0,000159
-0,000339
-0,000443
0,000169
-0,000502
0,001097
0,000411
0,000743
0,001138
0,000466
-0,000648
-0,000979
-0,000094
0,000804
0,000220
-0,000208
-0,000663
0,000716
0,001018
0,000849
-0,000494
0,000573
-0,000343
0,000408
0,000452
0,000740
0,000259
0,000674
0,000800
0,000506
0,000998
0,000115
0,000129
0,000848
0,000716
-0,000976
0,000050
0,000987
0,000354
-0,001104
0,000596
0,001119
0,000363
0,000769
0,000295
0,000754
0,000671
-0,000409
-0,000655
0,000865
-0,000328
-0,000081
-0,000824
-0,000962
0,000981
-0,000408
-0,000557
0,000949
0,000143
0,000255
0,000017
-0,000449
-0,001099
-0,000915
0,000893
0,000637
0,001226
-0,001114
0,000142
-0,000621
-0,000923
0,000888
0,000436
-0,000585
-0,000694
0,000603
-0,000188
-0,000992
0,000424
0,000555
0,000017
-0,001200
0,001055
0,000215
-0,000098
-0,000121
0,000668
0,000930
-0,000485
-0,001014
0,000864
-0,000741
-0,000856
0,000514
-0,000876
0,000719
-0,000892
-0,000931
-0,000072
-0,000811
0,000795
0,000708
-0,000086
0,000744
0,000369
-0,000358
-0,000159
-0,000192
-0,000550
-0,001068
0,000082
0,000448
-0,000373
-0,000285
-0,001069
0,000862
0,000239
0,000421
-0,000272
-0,000761
0,000961
-0,001193
-0,000072
-0,000758
-0,000468
0,000530
0,000487
0,000287
-0,000728
0,000289
-0,000487
0,001043
0,000484
0,000470
0,000050
-0,000897
0,000836
0,001047
-0,001098
-0,001146
0,000372
-0,001187
0,001091
0,000869
-0,001188
0,000161
0,001103
0,000952
-0,000442
0,001101
0,000000
-0,000764
0,000876
-0,001154
-0,000029
-0,000737
-0,001260
0,000278
-0,000468
-0,000438
0,001032
0,001071
-0,000405
-0,000216
-0,000089
0,001035
0,000949
-0,001104
-0,000068
-0,000680
0,000917
0,000189
-0,000676
-0,000671
0,000678
0,000226
-0,000834
0,000976
0,000043
0,000174
-0,000499
-0,000714
-0,000797
-0,000500
-0,000913
0,000704
-0,000502
0,000457
0,001117
-0,000418
0,000644
-0,000918
-0,000711
-0,000781
0,000773
-0,000537
-0,001053
-0,000719
0,000166
0,000273
-0,000633
-0,001070
-0,000567
-0,000830
-0,000336
0,000847
-0,001363
0,000658
-0,000908
0,000403
0,000883
-0,000123
0,000106
0,000446
-0,000591
-0,000834
-0,000437
0,001062
-0,000828
-0,000633
0,000235
0,000094
-0,000098
0,000190
-0,000158
-0,000449
0,000828
0,000084
0,001196
-0,000516
0,000668
-0,000485
0,000823
-0,000245
0,000977
0,000332
0,001071
-0,000398
0,000238
0,000402
0,000917
0,000220
-0,000756
0,000065
-0,001271
0,000461
0,000196
-0,000106
0,000204
0,000790
0,001053
0,000094
-0,000046
0,000255
-0,000628
-0,000139
-0,000808
0,001030
0,000716
0,000501
-0,000025
0,000269
0,000655
-0,000746
0,000756
-0,000352
-0,000207
0,000899
0,000390
-0,000782
-0,000925
0,000593
-0,000076
-0,000701
0,000245
-0,000188
-0,000839
0,000870
0,000874
-0,000813
0,001041
0,000597
-0,000390
0,000190
-0,000676
0,000750
0,000418
-0,000302
-0,000548
0,000222
0,000414
0,001035
0,000043
0,002155
0,000862
0,000707
-0,000576
-0,000770
0,000549
0,000553
-0,000692
-0,000439
0,001206
0,001463
-0,000536
-0,000853
-0,001020
0,001616
0,001070
-0,001019
-0,000375
0,001441
0,001158
0,000228
-0,001552
0,000169
-0,002477
-0,001930
-0,001172
0,001178
-0,001442
-0,001407
-0,000685
-0,000397
-0,000230
0,000072
0,000421
-0,000707
-0,001138
-0,000598
-0,001406
-0,001966
-0,001173
-0,000212
0,000975
0,000499
0,001247
0,000423
-0,000400
-0,001446
-0,001025
-0,001534
-0,000776
0,000730
-0,000542
-0,001302
-0,000440
0,000919
-0,000024
-0,001429
-0,001452
-0,000756
0,001068
0,001195
0,001474
0,000209
0,000661
0,000795
0,001810
0,001080
0,000134
-0,000705
-0,000927
-0,000160
0,000926
0,001158
-0,000613
-0,000177
-0,000944
-0,000143
-0,001025
-0,001321
-0,000833
-0,000584
-0,000174
-0,001219
0,000270
0,000099
0,000555
0,000881
-0,000958
-0,001215
-0,000825
0,000436
0,003009
0,001584
0,002219
0,001240
0,001573
0,001844
0,002132
0,001922
0,003750
0,002282
0,000635
0,001104
0,000780
0,000074
0,000706
0,002227
0,001854
0,001687
0,001096
0,003006
0,001369
0,002840
0,001894
0,001511
0,001529
0,000588
-0,000056
-0,000234
-0,000085
0,001132
-0,000154
-0,001391
-0,001119
-0,001224
-0,000135
-0,000599
-0,001643
-0,002215
-0,000303
-0,002425
-0,003368
-0,002210
-0,002207
-0,002620
-0,001326
-0,002057
-0,001712
-0,001216
-0,001015
-0,002029
-0,004672
-0,003863
-0,002750
-0,000780
-0,000194
-0,002099
-0,002801
-0,001304
-0,001550
-0,000805
-0,000453
-0,000353
0,000803
-0,000217
-0,001426
0,000553
0,001061
-0,000111
-0,000832
-0,000507
-0,001661
-0,000903
-0,001790
-0,000359
-0,000332
0,000394
-0,001074
0,000190
-0,002184
-0,002088
0,000065
-0,000652
-0,001789
-0,000678
-0,000895
-0,000726
-0,002287
-0,000004
0,000964
0,001213
-0,001986
-0,002260
-0,002695
0,001321
0,002146
-0,000239
-0,000514
0,000094
-0,001484
-0,001498
-0,000182
-0,001199
0,000886
0,000002
0,000331
-0,000339
-0,001209
-0,000942
-0,000708
0,000842
-0,000229
-0,000453
0,000930
0,000727
0,004344
0,004539
0,003105
0,003437
0,001799
0,002690
0,003693
0,002753
0,000609
0,003284
0,004609
0,004393
0,005890
0,005794
0,006314
0,005361
0,004971
0,003906
0,003530
0,003390
0,002173
0,004284
0,003796
0,003564
0,004737
0,003223
0,002380
0,002986
0,000674
0,001145
0,001040
0,002426
0,000343
-0,002409
-0,000957
0,000937
0,002279
0,001455
-0,000552
0,000033
-0,000336
0,000762
-0,001013
-0,000984
-0,001447
-0,001391
-0,001302
0,000510
0,001214
0,000329
0,000544
-0,000497
0,000359
-0,000614
0,001408
0,001157
0,000574
-0,001286
-0,000771
0,000918
0,000069
0,000305
-0,001232
-0,002546
-0,004338
-0,003059
-0,002387
-0,001123
-0,000936
-0,000305
-0,000201
-0,000763
-0,001611
-0,001936
-0,000280
-0,000328
0,001801
-0,000707
-0,002346
-0,001814
-0,001045
-0,001263
-0,003728
-0,004658
-0,003195
-0,001531
-0,000343
0,000001
-0,001899
-0,003634
-0,004644
-0,002775
-0,002893
-0,003075
-0,004990
-0,005141
-0,003070
-0,004821
-0,004401
-0,001732
0,000093
-0,002348
-0,001106
-0,004274
-0,002070
-0,002697
0,000542
0,000253
-0,003205
-0,005070
-0,004337
-0,000507
-0,003042
-0,002222
-0,001274
0,000869
0,003152
0,000181
-0,000136
-0,001637
-0,001773
-0,002281
-0,000489
0,000634
-0,000366
-0,000659
-0,000936
0,000713
0,002311
-0,000136
-0,000244
0,001464
0,000268
-0,000014
0,000901
-0,000544
-0,001680
-0,000304
-0,001392
-0,000461
0,000192
0,000346
0,000181
-0,000366
-0,000040
0,002328
0,000554
0,001547
0,000046
-0,000047
0,000288
0,000601
0,000878
0,001268
0,003225
0,003101
0,004121
0,002254
0,002955
0,001474
0,001213
0,001598
0,001573
0,004290
0,005206
0,003503
0,000573
0,000335
0,003299
0,004225
0,004951
0,004429
0,003460
-0,000733
-0,000504
0,003557
0,004701
0,006330
0,008430
0,005265
0,001946
0,002122
0,004365
0,004285
0,002607
0,004788
0,002224
-0,000691
0,000182
0,000740
0,001567
-0,001341
-0,000906
0,000106
0,001136
-0,000596
0,000709
0,001511
0,001319
-0,001408
-0,002514
-0,004888
-0,004066
-0,002527
-0,002891
-0,002610
-0,001386
-0,001246
-0,004581
-0,004303
-0,002332
-0,002690
-0,003773
-0,005085
-0,002187
-0,001405
-0,000499
0,000146
0,000917
-0,000731
-0,003354
-0,001772
-0,002171
-0,000884
0,000290
-0,002970
-0,001897
0,001370
0,001591
0,000834
-0,002115
-0,001415
-0,002634
-0,001914
-0,000828
-0,002567
-0,001909
0,000262
0,001765
0,000982
-0,001599
-0,000621
-0,003617
-0,000951
0,000329
0,002994
-0,000326
-0,000519
0,001425
-0,000244
0,001303
0,000653
-0,000725
-0,000871
0,000920
0,001313
0,001683
0,000280
0,002251
0,002802
0,005003
0,004315
0,003931
0,003661
0,001120
0,005193
0,007452
0,005739
0,005741
0,004202
0,002369
0,000680
0,001480
0,003913
0,005009
0,006079
0,001453
-0,001762
-0,003176
0,001451
0,005461
0,005534
-0,000071
-0,005485
-0,004018
-0,002618
0,003004
0,002820
-0,000138
-0,002687
-0,003585
0,000278
0,002396
-0,001458
-0,002796
-0,003315
-0,002570
-0,002863
-0,003789
-0,003220
-0,003302
-0,003491
-0,002367
-0,002559
-0,003962
-0,003149
-0,000613
-0,002839
-0,004896
-0,002324
-0,003578
-0,006827
-0,003988
-0,003839
-0,004915
-0,007072
-0,005377
-0,004711
-0,005024
-0,003277
-0,003526
-0,005123
-0,002902
-0,001501
-0,002998
-0,005674
-0,008431
-0,007503
-0,004422
-0,008513
-0,006404
-0,003593
-0,005515
-0,007026
-0,004422
-0,004468
-0,003967
-0,012240
-0,003005
-0,001299
-0,002028
-0,003918
-0,000367
-0,001928
-0,000256
-0,003889
-0,004591
-0,004654
-0,001063
0,002256
0,002864
0,000199
0,001709
0,001190
-0,000672
0,000608
0,002994
0,001375
0,004527
0,004189
0,007292
0,008739
0,006943
0,005668
0,005357
0,008170
0,008400
0,009817
0,010500
0,009554
0,010835
0,012008
0,012800
0,011527
0,014057
0,010405
0,007416
0,007664
0,008819
0,010433
0,009818
0,010230
0,008697
0,008417
0,011851
0,009784
0,010681
0,009683
0,008968
0,009073
0,008067
0,006843
0,006635
0,005451
0,002849
0,000062
0,000269
0,000557
0,001606
-0,000454
0,001521
-0,000961
-0,003049
-0,003392
-0,000511
-0,003652
-0,003339
-0,004540
-0,007111
-0,004796
-0,004030
-0,002526
-0,000111
-0,001414
-0,003404
-0,007211
-0,004629
-0,004639
-0,000511
0,000113
-0,000793
-0,003259
-0,001590
-0,000875
-0,001370
-0,000213
0,002515
0,004055
-0,000606
-0,002855
-0,005321
-0,007273
-0,007408
-0,004091
-0,006193
-0,005281
-0,003303
-0,004036
-0,004090
-0,006390
-0,005926
-0,008082
-0,007252
-0,007318
-0,007139
-0,009002
-0,010986
-0,012857
-0,014264
-0,013311
-0,009946
-0,008204
-0,010841
-0,009096
-0,009330
-0,006473
-0,007118
-0,008764
-0,009713
-0,011620
-0,010941
-0,007797
-0,006542
-0,008520
-0,005813
-0,004975
-0,002384
-0,002237
-0,002830
-0,003823
-0,004903
-0,003894
-0,002575
0,000369
-0,002750
-0,002188
-0,001224
-0,000704
0,003168
0,005412
0,006293
0,002638
0,001580
0,000500
0,000865
0,004310
0,005662
0,006792
0,003990
-0,000612
-0,003291
-0,002266
0,002377
0,004125
0,005915
0,006156
0,005962
0,005133
0,002348
0,000264
0,001770
0,001542
0,005099
0,005013
0,002802
-0,001000
0,003518
0,006294
0,004990
0,002631
0,004006
0,002519
0,007579
0,010709
0,011442
0,008291
0,007282
0,011732
0,012210
0,008913
0,007573
0,005698
0,005198
0,005365
0,007191
0,006606
0,008812
0,009740
0,013614
0,008986
0,005507
0,004276
0,005521
0,005934
0,006725
0,007528
0,003476
-0,001678
0,000065
0,002229
-0,000161
-0,001808
0,004343
0,009271
0,006621
0,001832
0,000947
-0,000231
0,000694
-0,000512
-0,000537
-0,003663
-0,001236
0,000599
-0,001993
0,000311
-0,000246
-0,001663
-0,003516
-0,005852
-0,006251
-0,004782
-0,001612
-0,001176
-0,001772
-0,004525
-0,005484
-0,003998
-0,004145
-0,000281
-0,000755
-0,002378
-0,007036
-0,004290
-0,001455
-0,001118
-0,000418
-0,003817
-0,005556
-0,006831
-0,000749
-0,001400
-0,000542
-0,001285
-0,003097
-0,003265
-0,001036
0,002934
0,001241
-0,003033
-0,008152
-0,008842
-0,005645
-0,006002
-0,003658
-0,004759
-0,004964
-0,007843
-0,003769
-0,004465
-0,003841
-0,004807
-0,006188
-0,003924
-0,006642
-0,003556
-0,005727
-0,008373
-0,008893
-0,009911
-0,007522
-0,008615
-0,004820
-0,002407
-0,003097
-0,001567
-0,005250
-0,005335
-0,007971
-0,004266
-0,002742
-0,000356
0,002782
0,000464
0,000173
-0,000559
0,002832
0,003326
0,001248
0,003814
0,003459
0,002359
0,005183
0,002028
0,005430
0,006418
0,005377
0,006338
0,008919
0,009612
0,006651
0,005841
0,002028
-0,002634
-0,005673
0,000266
0,004252
0,006282
0,004799
0,003519
-0,001540
-0,000294
0,001179
0,006686
0,002053
-0,001211
-0,002937
-0,000525
-0,001924
-0,001488
0,001960
0,001263
0,000444
-0,001494
-0,000615
0,001720
0,002769
0,006632
0,004280
0,003901
0,004292
0,001939
0,001607
0,000435
0,000243
0,004563
0,005655
0,004655
0,002351
0,004072
0,004388
0,002832
0,000701
0,001111
-0,000560
-0,002300
0,001404
0,001403
0,001984
-0,001617
-0,000948
-0,001072
-0,002561
-0,005267
-0,007822
-0,008522
-0,004899
-0,003701
-0,004791
-0,009830
-0,010772
-0,008711
-0,005996
-0,002763
-0,000834
-0,001092
-0,003497
-0,005674
-0,002179
-0,004963
-0,006924
-0,006802
-0,005564
-0,003831
-0,006018
-0,004391
-0,005271
-0,004065
-0,005027
-0,002644
-0,000272
0,000296
0,000174
-0,002401
-0,001342
-0,004346
-0,005948
-0,007299
-0,004395
-0,001824
-0,000391
0,003132
0,001550
0,003992
0,000197
-0,000567
0,002896
0,001950
0,003740
0,003684
0,000284
-0,000723
-0,001666
-0,000762
0,005471
0,008703
0,005850
0,004975
0,004964
0,005681
0,003171
0,005688
0,010003
0,011232
0,015361
0,013682
0,009314
0,005728
0,007125
0,010898
0,014163
0,009934
0,009317
0,007075
0,008836
0,011804
0,014733
0,013599
0,011566
0,010388
0,008701
0,003680
0,005542
0,007484
0,004781
0,008851
0,006541
-0,000140
-0,000077
0,004165
0,009084
0,007872
0,004207
0,002506
0,000008
0,001758
0,001758
0,002543
-0,001746
-0,001722
-0,000770
0,003036
0,003504
0,000132
-0,001421
-0,003165
-0,003947
-0,000768
-0,001911
-0,004279
-0,008623
-0,006358
-0,005912
-0,006891
-0,010707
-0,012212
-0,011561
-0,007767
-0,005635
-0,008369
-0,011455
-0,015025
-0,017209
-0,017066
-0,012451
-0,011986
-0,014110
-0,017994
-0,019394
-0,015119
-0,011064
-0,010925
-0,015198
-0,013411
-0,013425
-0,013502
-0,012073
-0,010445
-0,007829
-0,005095
-0,004944
-0,009065
-0,011531
-0,011048
-0,007136
-0,008962
-0,007431
-0,001591
0,001349
-0,001264
-0,004216
-0,006392
-0,006182
-0,004621
-0,000634
-0,000724
-0,000248
-0,001882
-0,005115
-0,008441
-0,003602
-0,000416
0,002637
0,007688
0,004007
0,001639
-0,000833
0,001614
0,001505
0,004986
0,005792
0,006229
0,005296
0,001758
0,002963
0,003401
0,010053
0,011347
0,011056
0,009832
0,008441
0,008026
0,012572
0,012077
0,013701
0,014797
0,011329
0,010436
0,012301
0,012133
0,011506
0,010712
0,013493
0,012885
0,013665
0,009961
0,008164
0,007927
0,006593
0,007647
0,012076
0,011855
0,010320
0,007015
0,005477
0,003446
0,006984
0,004900
0,008022
0,004963
0,002606
0,001013
0,001867
0,004257
0,003498
0,004795
0,005849
0,002722
0,003873
0,000645
0,002445
0,000188
0,002673
0,005172
0,005988
0,001498
-0,000402
-0,001246
0,003212
0,003099
0,005401
0,006472
0,004150
0,001352
0,000408
-0,002089
-0,002573
-0,001082
-0,003637
-0,004344
-0,010218
-0,012922
-0,010130
-0,006693
-0,006046
-0,006222
-0,005742
-0,007472
-0,007108
-0,008438
-0,008581
-0,011921
-0,010742
-0,010585
-0,007392
-0,007609
-0,007994
-0,007393
-0,006475
-0,002667
-0,002074
-0,003126
-0,001304
-0,002874
-0,004454
-0,003252
0,000429
0,000956
-0,002173
-0,003669
-0,002667
-0,003045
-0,001141
-0,000925
0,001739
0,001944
0,000395
-0,000086
-0,007683
-0,007884
-0,006471
-0,007741
-0,005941
-0,006247
-0,006476
-0,011569
-0,010366
-0,010254
-0,005629
-0,004954
-0,003611
-0,004987
-0,007981
-0,005165
-0,006560
-0,006439
-0,006557
-0,003490
-0,001558
-0,002140
0,002240
0,001803
0,000609
0,003431
0,004780
0,006467
0,008168
0,005157
0,005845
0,007570
0,006101
0,003470
0,007284
0,008445
0,008075
0,004507
0,006009
0,006847
0,009528
0,008531
0,008214
0,005278
0,004580
0,002450
-0,000502
0,001101
0,001756
0,004737
0,004086
0,002736
0,002653
0,004464
0,007002
0,004691
0,000377
0,000814
0,003238
0,002293
0,003894
0,004168
0,003186
-0,003261
-0,005241
-0,000410
0,003809
0,001272
0,003487
0,001224
-0,001290
-0,001584
-0,000774
0,003005
0,001171
-0,000976
0,000293
0,003042
0,001795
0,000258
-0,001765
0,000379
0,000968
0,001471
-0,000360
0,001215
-0,000575
0,001144
0,000251
0,000854
-0,001472
-0,002483
-0,001502
0,001377
0,002258
-0,000410
-0,002888
-0,002592
-0,003821
-0,003703
-0,004516
-0,003819
-0,000217
0,003457
0,003557
0,001107
-0,001622
-0,005511
-0,005261
-0,000577
0,000320
-0,000297
-0,000466
-0,001750
-0,004860
-0,005867
-0,000288
0,001731
-0,000817
-0,001707
-0,000770
0,000283
-0,002781
-0,004440
-0,005497
-0,002175
-0,001090
-0,002803
-0,002640
-0,006997
-0,009243
-0,004932
-0,002541
-0,002509
0,000970
-0,001693
-0,006055
-0,004225
0,000058
0,000405
0,002835
0,004065
0,002835
0,002387
0,003092
0,001992
0,004174
0,004187
0,004311
0,003522
0,006377
0,005835
0,003238
0,000546
0,001332
0,001482
0,000939
0,002074
0,003148
0,003415
0,001835
-0,001313
-0,004443
-0,003272
0,002162
0,000822
-0,000030
-0,006056
-0,005817
-0,002316
0,000665
0,002548
0,000662
0,001810
-0,004051
-0,003096
-0,000724
-0,001187
-0,002980
-0,001414
0,000149
0,001636
0,000507
0,001824
0,000219
0,003382
0,005390
0,007155
0,006315
0,005036
0,003049
0,004005
0,002531
0,007172
0,010347
0,009499
0,009275
0,011978
0,003922
-0,000231
0,001619
0,004344
0,007763
0,008628
0,008760
0,006280
0,002988
0,004054
0,000933
0,000339
0,001671
0,000957
-0,002496
-0,006284
-0,004489
-0,002922
-0,005659
-0,006791
-0,006770
-0,002272
-0,003588
-0,004991
-0,003183
-0,003398
-0,004681
-0,007451
-0,009618
-0,007523
-0,007583
-0,006641
-0,008588
-0,006791
-0,010441
-0,008113
-0,007160
-0,005600
-0,008372
-0,005225
-0,007198
-0,010458
-0,009331
-0,009643
-0,006151
-0,005882
-0,008256
-0,010174
-0,007628
-0,005060
-0,009700
-0,009819
-0,006933
-0,007220
-0,004741
-0,006011
-0,005772
-0,003567
-0,004547
-0,004046
-0,003921
-0,003672
-0,000848
-0,002718
0,000387
0,001749
-0,003178
-0,003233
-0,000742
-0,000061
0,000569
0,001754
0,004125
0,005557
0,005011
0,002171
0,000859
-0,000334
0,002224
0,005637
0,006229
0,007283
0,002908
0,006325
0,006672
0,009595
0,008097
0,006646
0,005743
0,005703
0,005920
0,007702
0,011025
0,008126
0,014230
0,014679
0,015987
0,013893
0,014092
0,015719
0,015686
0,011909
0,012636
0,011794
0,013786
0,016427
0,015255
0,012866
0,009981
0,010799
0,010228
0,009434
0,010769
0,013017
0,009870
0,009720
0,011635
0,006785
0,005640
0,002894
0,002650
-0,000222
-0,000747
-0,000135
-0,000188
-0,001158
-0,013093
-0,004065
-0,005179
-0,002494
-0,004240
-0,002288
-0,004388
-0,005051
-0,003783
-0,006050
-0,006261
-0,007785
-0,009231
-0,011366
-0,009394
-0,007206
-0,007785
-0,007699
-0,011359
-0,009261
-0,007331
-0,008326
-0,008803
-0,008267
-0,008193
-0,007179
-0,009196
-0,008371
-0,008305
-0,006444
-0,005932
-0,006246
-0,008267
-0,005987
-0,007456
-0,007431
-0,008609
-0,006453
-0,004496
-0,003860
-0,007918
-0,006131
-0,011190
-0,012649
-0,009220
-0,008078
-0,011117
-0,012280
-0,011066
-0,012662
-0,011760
-0,009560
-0,008002
-0,009002
-0,007433
-0,013575
-0,010708
-0,007195
-0,008105
-0,007973
-0,005798
-0,009675
-0,009510
-0,002711
-0,002216
-0,000004
0,001349
0,000903
0,001649
0,001792
0,000994
0,002301
0,004605
0,004467
0,002987
0,005236
0,003740
0,002912
0,008081
0,013275
0,013041
0,014814
0,014671
0,009670
0,011245
0,012464
0,015961
0,016609
0,016290
0,018160
0,017547
0,014480
0,014733
0,016056
0,014673
0,013318
0,012934
0,008814
0,005429
0,008305
0,009222
0,006325
0,005484
0,003150
-0,000633
-0,003316
0,000317
-0,000437
-0,005366
-0,005305
0,000342
-0,001987
-0,002975
-0,003452
-0,006263
-0,006542
-0,002052
-0,000425
-0,002528
-0,001357
-0,004388
-0,003601
0,000649
0,002717
-0,002925
-0,000509
0,002114
0,003297
0,006975
0,008071
0,004107
0,007885
0,007646
0,005095
0,005880
0,009018
0,005533
0,008314
0,012063
0,002459
0,001961
0,006549
0,001289
0,002857
-0,000091
0,002550
-0,000081
0,007609
0,002357
-0,004865
-0,003125
-0,003575
-0,004141
-0,007252
-0,007002
-0,005327
-0,004443
-0,008278
-0,013142
-0,015707
-0,016195
-0,016048
-0,021672
-0,023199
-0,024112
-0,026186
-0,024217
-0,027349
-0,038662
-0,036657
-0,038607
-0,030855
-0,025781
-0,019787
-0,015532
-0,016390
-0,012414
-0,005014
0,008106
0,008559
0,013462
0,014231
0,010831
0,025578
0,043100
0,042827
0,037806
0,038773
0,033690
0,031690
0,041974
0,048906
0,036096
0,031305
0,031283
0,036131
0,047056
0,052713
0,053997
0,060317
0,064676
0,063409
0,059303
0,048251
0,034379
0,018447
-0,001843
-0,027105
-0,055090
-0,078918
-0,090806
-0,113499
-0,155801
-0,178056
-0,181696
-0,181101
-0,164197
-0,148316
-0,151042
-0,134944
-0,098110
-0,066410
-0,027447
-0,006044
0,003326
0,027699
0,053721
0,072940
0,092732
0,105955
0,097562
0,101479
0,105759
0,113631
0,120593
0,119012
0,104656
0,112304
0,101534
0,108811
0,144527
0,139788
0,119696
0,085034
0,061429
0,033821
0,039923
0,028116
0,000808
-0,020932
-0,048456
-0,044766
-0,011737
0,025194
0,035998
0,026066
0,020945
0,014068
0,036318
0,049091
0,036816
0,003552
-0,054276
-0,107298
-0,144076
-0,174607
-0,201400
-0,237022
-0,279186
-0,313856
-0,312042
-0,290897
-0,262718
-0,223146
-0,206700
-0,178268
-0,130592
-0,075511
-0,019782
0,030262
0,056115
0,072298
0,102390
0,133714
0,167926
0,199828
0,216609
0,209099
0,196483
0,212338
0,217179
0,208823
0,221181
0,209301
0,182001
0,156995
0,163078
0,134963
0,110320
0,139850
0,135149
0,093594
0,036619
0,001315
-0,028800
-0,028648
-0,021415
-0,047782
-0,078666
-0,103704
-0,091168
-0,055424
-0,012871
0,014992
0,012553
0,000367
0,005249
0,026032
0,044769
0,031498
-0,016304
-0,079030
-0,131119
-0,176403
-0,205775
-0,219544
-0,283692
-0,328443
-0,354536
-0,367172
-0,351618
-0,284036
-0,243057
-0,231047
-0,167227
-0,130712
-0,086507
-0,008400
0,056385
0,078766
0,113526
0,146494
0,154129
0,206165
0,236990
0,253886
0,269254
0,242850
0,237656
0,249703
0,247460
0,209781
0,238660
0,228016
0,172196
0,164480
0,115874
0,133092
0,199089
0,184405
0,065241
0,002432
0,009651
-0,037723
-0,010666
-0,000811
-0,070247
-0,136542
-0,127542
-0,082122
-0,038608
0,030868
0,037029
-0,020351
-0,039504
-0,015693
0,038825
0,055178
0,010569
-0,077872
-0,163888
-0,211978
-0,243308
-0,261602
-0,298921
-0,361794
-0,411259
-0,428755
-0,404283
-0,357873
-0,294069
-0,249331
-0,221088
-0,170084
-0,110084
-0,047037
0,027346
0,106264
0,130849
0,151461
0,183209
0,209372
0,254843
0,299817
0,315252
0,310440
0,286215
0,287617
0,278466
0,298670
0,274684
0,240157
0,214478
0,197134
0,166652
0,125868
0,067796
0,131956
0,197093
0,099394
-0,037898
-0,033399
-0,049309
-0,102009
-0,023499
-0,030161
-0,158454
-0,192431
-0,135003
-0,086389
-0,026053
0,070847
0,037861
-0,045042
-0,033674
0,025346
0,080312
0,066714
0,002145
-0,111517
-0,208987
-0,248092
-0,241663
-0,264503
-0,358448
-0,424905
-0,439759
-0,463249
-0,422856
-0,320620
-0,264897
-0,256606
-0,201641
-0,143861
-0,084532
0,021547
0,109634
0,141179
0,176409
0,210658
0,227440
0,276362
0,326815
0,362018
0,352753
0,324651
0,317808
0,325801
0,317666
0,304260
0,290445
0,250168
0,189580
0,172952
0,175741
0,123317
0,060829
0,136341
0,201847
0,087545
-0,029633
-0,017524
-0,057288
-0,089266
-0,022876
-0,026117
-0,159331
-0,192282
-0,139143
-0,101318
-0,027273
0,053132
0,011167
-0,070147
-0,053803
0,018162
0,067578
0,061119
-0,013707
-0,137166
-0,232817
-0,265080
-0,272737
-0,309652
-0,387477
-0,438942
-0,489471
-0,493136
-0,422803
-0,328146
-0,282028
-0,249851
-0,206476
-0,138449
-0,043131
0,060635
0,134983
0,168227
0,200484
0,238300
0,275065
0,302146
0,338833
0,367059
0,343949
0,335521
0,343307
0,324160
0,317232
0,306388
0,264954
0,209453
0,211121
0,158372
0,116994
0,109173
0,011572
0,137941
0,212014
0,082749
-0,078241
-0,043075
-0,070052
-0,135522
0,003347
-0,016920
-0,215886
-0,209718
-0,144460
-0,129072
-0,042777
0,075552
-0,020112
-0,112019
-0,066452
0,008769
0,064972
0,057985
-0,041235
-0,155351
-0,243766
-0,277827
-0,268326
-0,297643
-0,411613
-0,468975
-0,516113
-0,541899
-0,476657
-0,368714
-0,300260
-0,294436
-0,231664
-0,149511
-0,051213
0,087491
0,152408
0,183329
0,222234
0,259721
0,292480
0,350574
0,377011
0,400123
0,421049
0,376846
0,354138
0,350094
0,335873
0,314704
0,283981
0,201264
0,158874
0,167568
0,162348
0,114560
0,053013
0,265383
0,290191
0,105835
-0,001603
0,022413
-0,100864
-0,119005
0,049329
-0,057128
-0,238073
-0,232391
-0,228185
-0,180944
-0,031459
0,126316
0,017207
-0,087802
-0,048491
0,047078
0,105644
0,127103
0,022050
-0,179705
-0,304162
-0,331044
-0,334193
-0,366309
-0,485557
-0,548781
-0,627153
-0,605786
-0,496335
-0,391789
-0,352353
-0,357369
-0,297865
-0,210486
-0,047652
0,098552
0,174751
0,225949
0,263578
0,296224
0,321319
0,389967
0,434348
0,462616
0,456368
0,412364
0,366245
0,352453
0,341531
0,302792
0,239065
0,185000
0,186773
0,183233
0,115082
0,023072
0,218697
0,353680
0,251423
0,013264
-0,156339
-0,188256
-0,325501
-0,025218
0,060644
-0,150308
-0,286345
-0,368244
-0,258079
-0,038670
0,345132
0,363068
0,139654
0,090193
0,126074
0,303542
0,173270
-0,101936
-0,470472
-0,652171
-0,663864
-0,605600
-0,616391
-0,667826
-0,542636
-0,425808
-0,252143
-0,219553
-0,219261
-0,213498
-0,201035
-0,153856
-0,110303
-0,091970
-0,083064
0,022895
0,084589
0,109651
0,107014
0,162169
0,258852
0,394338
0,439686
0,503465
0,482343
0,571661
0,452489
0,382255
0,268472
0,153891
0,317958
0,193245
0,040204
-0,323176
0,681278
0,795418
0,417049
-0,019822
-0,532655
-0,392495
-0,333111
-0,024105
-0,289308
-0,133353
0,268531
0,584522
0,815808
0,581369
0,409922
0,123118
0,034004
-0,323151
-0,668285
-0,881425
-0,946875
-0,694298
-0,509217
-0,268995
-0,285745
-0,088671
-0,032362
-0,074468
-0,154421
-0,293327
-0,398556
-0,555836
-0,505804
-0,500227
-0,271384
-0,005645
0,223945
0,343274
0,422339
0,457800
0,426260
0,402506
0,284932
0,224731
0,178165
0,212285
0,210450
0,205613
0,352567
0,367072
0,305231
0,274973
0,172319
0,167873
0,176366
0,166604
0,110680
-0,311628
-0,488900
0,762581
0,552068
0,182124
-0,340051
-0,482189
-0,315335
-0,119427
-0,133103
-0,364599
0,104254
0,421961
0,658074
0,525496
0,247850
0,175822
0,145475
-0,053080
-0,616885
-0,655424
-0,655998
-0,536375
-0,434127
-0,275322
-0,124065
-0,023755
0,035530
-0,095809
-0,200963
-0,299107
-0,382047
-0,485398
-0,416329
-0,323680
-0,186249
-0,007743
0,236773
0,360346
0,396340
0,342728
0,248291
0,142070
0,091430
0,095319
0,085446
0,138502
0,280653
0,294764
0,358084
0,308363
0,218887
0,178749
0,103515
0,040123
0,002987
0,090835
0,074677
-0,226364
-0,097820
0,956712
0,428587
0,161226
-0,221867
-0,327333
-0,271021
-0,134685
-0,347757
-0,276918
0,314235
0,455853
0,610612
0,448012
0,277776
0,147211
0,041664
-0,357993
-0,615965
-0,583464
-0,577920
-0,385058
-0,353139
-0,197071
-0,085746
0,077817
-0,009920
-0,110498
0,016776
-0,370017
-0,405105
-0,552557
-0,463181
-0,247724
-0,068643
0,080191
0,260651
0,201500
0,214790
0,172486
0,028866
0,002445
-0,011826
0,016776
0,095833
0,101558
0,176135
0,270744
0,255565
0,169653
0,146476
0,224478
0,148257
0,158759
0,089777
0,028564
-0,402669
0,283205
0,089777
-0,019748
-0,028132
-0,352248
-0,171988
-0,114120
-0,057986
-0,378285
0,110698
0,446396
0,432539
0,449765
0,202672
0,175792
0,089753
-0,062091
-0,522350
-0,438417
-0,398794
-0,284601
-0,184293
-0,125704
-0,030100
0,092790
0,013975
-0,135812
-0,184189
-0,311962
-0,271028
-0,364156
-0,332532
-0,159396
-0,012728
0,055216
0,171013
0,165046
0,154458
0,091686
0,003111
0,002144
0,013437
0,044504
0,073168
0,120443
0,136605
0,210922
0,194585
0,154456
0,154908
0,148647
0,108816
0,096808
0,069294
-0,070862
0,096808
0,091686
0,511345
-0,019627
-0,000706
-0,279059
-0,168254
-0,098769
-0,067196
-0,351140
0,140265
0,298747
0,359296
0,318951
0,192621
0,110755
0,140945
-0,118425
-0,495553
-0,348866
-0,351974
-0,245453
-0,191371
-0,090638
-0,013966
0,101650
-0,042299
-0,154791
-0,243527
-0,284916
-0,289255
-0,347936
-0,300509
-0,050672
0,087908
0,083353
0,165411
0,134016
0,099284
0,029250
-0,090461
-0,086162
0,012604
0,082800
0,094131
0,122887
0,186624
0,213731
0,191123
0,158803
0,060307
0,120393
0,186175
0,055257
-0,098025
-0,437703
0,082800
0,456587
0,018729
-0,178904
-0,277768
-0,121639
0,001322
-0,162562
-0,257825
0,404883
0,370388
0,412842
0,290754
0,215375
0,086227
0,171725
-0,260031
-0,537399
-0,330654
-0,298664
-0,188053
-0,136247
-0,070638
-0,020403
0,050183
-0,136662
-0,192819
-0,307528
-0,309767
-0,224523
-0,271923
-0,192323
0,013061
0,067775
0,089642
0,175211
0,108733
0,098499
0,014507
-0,027153
-0,031846
0,059967
0,044950
0,123919
0,201521
0,213890
0,210823
0,180867
0,124304
0,180726
0,149529
0,109164
0,084076
0,098499
0,149548
0,098499
0,047977
0,034736
-0,180224
-0,166585
-0,124037
0,107274
-0,234865
0,073853
0,401603
0,349246
0,317455
0,195471
0,125884
0,120123
0,018933
-0,453473
-0,364227
-0,291034
-0,256816
-0,161445
-0,031757
-0,072606
0,062320
-0,038196
-0,190724
-0,143606
-0,226313
-0,277057
-0,267585
-0,285757
-0,093873
0,029424
0,015211
0,099986
0,141983
0,137705
0,000944
-0,003392
-0,065021
-0,002331
0,047667
0,014557
0,055604
0,182438
0,131336
0,160079
0,208176
0,155454
0,120892
0,105699
-0,171420
-0,202985
0,055604
0,137236
-0,002978
-0,222265
-0,183053
-0,157829
0,059657
-0,217579
-0,110690
0,443052
0,386551
0,362486
0,183241
0,169326
0,076408
0,089869
-0,468302
-0,485590
-0,363685
-0,255312
-0,206306
-0,108136
-0,097313
0,079834
-0,021433
-0,247873
-0,259040
-0,269400
-0,328988
-0,266269
-0,268249
-0,142431
0,058379
0,079770
0,102752
0,181226
0,106683
-0,009273
-0,064684
-0,119543
-0,002980
0,114119
0,110718
0,139146
0,104541
0,213241
0,296529
0,162908
0,217112
0,178418
0,075130
-0,470931
0,559413
0,561809
0,041268
-0,025592
-0,263505
-0,274033
0,078710
-0,027190
-0,299741
0,366033
0,522629
0,582890
0,385787
0,247022
0,039378
0,192466
-0,229949
-0,567419
-0,462657
-0,381829
-0,291099
-0,135335
-0,081886
-0,033706
0,034585
-0,094819
-0,265738
-0,333079
-0,355251
-0,300155
-0,308085
-0,288498
-0,057790
0,061636
0,079678
0,141827
0,120132
0,064322
0,040285
-0,069194
-0,045213
0,071864
0,029577
0,067978
0,136994
0,108591
0,276788
0,216710
0,206085
0,246980
0,093320
-0,398878
0,693744
0,452089
0,030704
-0,102772
-0,282741
-0,291792
0,159010
-0,037418
-0,252156
0,419895
0,551284
0,562088
0,450027
0,319754
-0,004234
0,210345
-0,256583
-0,541828
-0,501215
-0,420808
-0,342289
-0,116618
-0,119699
-0,023171
0,100570
-0,049008
-0,188645
-0,266746
-0,313607
-0,298408
-0,322741
-0,307300
-0,088674
0,005142
0,018041
0,098605
0,086424
0,075975
0,077381
-0,043499
-0,035396
0,047622
0,042243
0,036752
0,124125
0,148435
0,168322
0,204463
0,288074
0,275362
-0,304548
0,326358
0,061952
0,061952
0,026524
-0,284390
-0,316413
-0,157348
0,076172
-0,297179
0,048312
0,411661
0,604110
0,629926
0,504068
0,244316
0,234222
0,122296
-0,401610
-0,547776
-0,598285
-0,510046
-0,305227
-0,245032
-0,205436
-0,013515
0,076557
0,000879
-0,044865
-0,184732
-0,220506
-0,245591
-0,363741
-0,344943
-0,183011
-0,109197
-0,004186
0,078722
0,100583
0,104699
0,100513
0,045693
0,079593
0,135357
0,070249
0,046304
0,090970
0,133244
0,143313
0,197360
0,151906
0,065155
-0,066275
0,422659
0,079593
0,166744
0,140472
-0,165523
-0,195060
0,009536
0,015423
-0,226360
-0,072348
0,193034
0,342467
0,479449
0,414419
0,148821
0,236504
0,230503
-0,043519
-0,229379
-0,401318
-0,478939
-0,358846
-0,387121
-0,472166
-0,341828
-0,235994
-0,232673
-0,070923
-0,120321
-0,085509
-0,042272
-0,111334
-0,098913
0,010727
-0,046016
-0,024420
-0,041953
-0,085555
0,009447
-0,012194
0,008676
0,038242
0,126372
0,142487
0,208808
0,219440
0,197471
0,239920
0,274606
0,222698
0,183702
0,164082
0,178703
0,151436
0,115488
0,111275
0,085136
0,118842
0,087931
0,065730
0,069920
0,019562
-0,032022
-0,045841
-0,066873
-0,096206
-0,096156
-0,092181
-0,066530
-0,027612
-0,028642
-0,044898
-0,016846
0,005418
0,017343
-0,015629
-0,065040
-0,093747
-0,062749
-0,066124
-0,106979
-0,120262
-0,139250
-0,139893
-0,120152
-0,166151
-0,149401
-0,154200
-0,147611
-0,147266
-0,113840
-0,084351
-0,064077
-0,063433
-0,052492
0,003218
-0,016143
0,039708
0,028938
0,104234
0,109574
0,102035
0,111945
0,095596
0,103832
0,093234
0,105642
0,093425
0,128871
0,139195
0,049502
0,093254
0,170255
0,175535
0,114402
0,071866
0,014627
-0,003490
0,066850
-0,005898
-0,082862
-0,063198
-0,075747
-0,017361
0,016723
-0,076636
-0,058249
0,077175
0,163745
0,141582
0,109552
0,001075
-0,050657
-0,025915
-0,090404
-0,135977
-0,307908
-0,191137
-0,219531
-0,252859
-0,182103
-0,275428
-0,194624
-0,088505
-0,004623
0,032811
0,066497
0,150283
0,173398
0,169414
0,092012
0,036784
0,021940
-0,024099
0,012914
-0,001620
0,003207
0,075972
0,081256
0,065120
0,072358
0,127670
0,148880
-0,104889
0,412389
0,072358
0,250710
0,086145
-0,170080
-0,348261
-0,100628
-0,104924
-0,502878
-0,295690
0,086479
0,326372
0,496895
0,543580
0,340754
0,564776
0,605765
0,133628
-0,207090
-0,404706
-0,628276
-0,587681
-0,666063
-0,895059
-0,670484
-0,400002
-0,274183
-0,067431
0,058998
0,125705
0,260992
0,178391
0,038767
-0,008863
-0,058070
-0,083424
-0,154521
-0,128917
-0,152263
-0,024724
-0,017705
0,014518
0,125563
0,165861
0,254025
0,268109
0,288351
0,186339
0,250654
0,133109
-0,329558
0,433569
0,756813
0,100841
-0,007005
-0,307246
-0,422602
0,090823
0,156573
-0,372528
-0,018633
0,437354
0,705777
0,795157
0,730940
0,267137
0,464993
0,466281
-0,133476
-0,653423
-0,809526
-0,931005
-0,707660
-0,587974
-0,682662
-0,434454
-0,050565
0,076201
0,112527
0,097195
-0,081840
-0,063998
-0,187086
-0,362594
-0,306587
-0,190899
-0,120972
-0,026883
-0,045093
-0,020753
0,107837
0,130509
0,099299
0,145323
0,129355
0,151066
0,234769
0,243901
0,073060
0,206556
-0,028147
-0,406430
0,684978
0,803158
0,152163
-0,006992
-0,320696
-0,474822
0,190002
0,153973
-0,400471
-0,012473
0,510110
0,700301
0,880409
0,778538
0,265099
0,387770
0,422399
-0,199051
-0,698931
-0,844366
-1,000000
-0,716110
-0,435778
-0,477464
-0,263317
0,108858
0,172275
0,167606
0,112444
-0,115102
-0,226492
-0,310173
-0,391081
-0,327162
-0,133639
-0,010289
0,088207
0,117846
0,114258
0,198842
0,192712
0,094334
0,200909
0,134216
0,107054
0,157906
0,144697
-0,009270
0,208751
0,118196
0,114258
0,555937
0,114258
0,177303
0,019369
-0,395147
0,117846
0,001627
0,140770
-0,312571
-0,104174
0,444692
0,673660
0,847416
0,856379
0,259475
0,244087
0,240365
-0,235093
-0,698726
-0,815297
0,035284
-0,610355
-0,169984
-0,151784
-0,092842
0,160222
0,178793
0,154072
0,035284
-0,315338
-0,508884
-0,411969
-0,356908
-0,281848
-0,070312
0,068202
0,170548
0,250399
0,122008
0,061845
0,127425
0,047111
0,033423
0,071812
0,061268
0,121266
0,080761
0,076545
0,071239
0,203821
0,094116
-0,358898
0,619970
0,635316
0,297447
-0,036522
0,071239
0,071239
-0,094155
0,080371
-0,261860
0,015994
0,409268
0,722380
0,061268
0,782730
0,190377
0,012308
-0,007294
-0,419323
-0,644108
-0,840318
-0,878788
-0,397811
0,038262
0,062113
0,145273
0,180569
0,227527
0,177746
-0,098180
-0,553851
0,062113
0,038262
-0,329896
-0,066234
0,095253
0,234042
0,341769
0,359409
0,163443
-0,026888
-0,088233
-0,054210
0,008428
0,037390
0,005563
0,092031
0,139632
0,148785
0,130283
0,133959
0,251409
-0,158527
0,136312
0,650777
0,300671
0,093130
-0,421572
-0,645029
-0,439054
0,074979
-0,051587
0,091991
0,318424
0,567606
0,910773
0,994587
0,458440
-0,066960
-0,150281
-0,371530
-0,529511
-0,583947
-0,719799
-0,586342
-0,123477
0,179623
0,296624
0,245139
0,032105
-0,049000
-0,133859
-0,354799
-0,660634
-0,680432
-0,509002
-0,127717
0,196882
0,272055
0,254369
0,253406
0,160720
0,049187
-0,048496
-0,104731
-0,014395
0,030035
0,072017
0,102169
0,100407
0,082447
0,118725
0,148886
0,211430
0,201330
-0,173935
0,144338
0,515545
0,358448
0,062468
-0,461879
-0,724115
-0,464053
0,088519
0,136166
0,280853
0,378670
0,511050
0,855521
0,909184
0,486305
-0,053124
-0,378420
-0,644894
-0,536363
-0,454578
-0,522791
-0,404211
-0,069862
0,129645
0,324299
0,319500
0,039670
-0,168886
-0,358637
-0,451237
-0,570841
-0,512834
-0,418693
-0,107552
0,222713
0,386061
0,367001
0,204989
0,073037
-0,030157
-0,024977
-0,033663
-0,029532
0,028751
0,088865
0,071110
0,046825
0,044964
0,112654
0,168914
0,184264
0,278832
-0,126390
0,050143
0,519067
0,292594
0,155065
-0,416531
-0,696910
-0,617925
-0,046123
0,189975
0,412253
0,440076
0,350743
0,666336
0,829193
0,660748
0,150430
-0,254349
-0,779064
-0,707298
-0,457812
-0,413288
-0,291399
-0,211608
-0,053361
0,161298
0,352008
0,258061
0,019486
-0,340640
-0,595689
-0,640311
-0,588905
-0,413186
-0,145967
0,074378
0,302095
0,438632
0,335095
0,157431
-0,057483
-0,130671
-0,112276
0,009177
0,063068
0,070767
0,124255
0,121932
0,181856
0,180466
0,159628
0,153677
0,256652
0,102436
-0,182882
0,368250
0,401722
0,307646
0,047887
-0,536315
-0,857034
-0,594446
-0,012414
0,388298
0,716334
0,521649
0,462254
0,674021
0,752533
0,690133
0,259664
-0,409313
-0,934272
-0,873907
-0,687405
-0,362808
-0,186333
-0,179949
-0,161576
-0,008250
0,232078
0,272076
0,175045
-0,231201
-0,608386
-0,809725
-0,728466
-0,464651
-0,102812
0,156325
0,288298
0,378380
0,325195
0,303272
0,128143
-0,049936
-0,110075
-0,068740
-0,009195
0,109944
0,159511
0,101112
0,112581
0,133646
0,140386
0,122934
0,210997
0,150072
-0,172369
0,254574
0,371316
0,385010
0,216589
-0,314278
-0,742855
-0,740107
-0,270110
0,184608
0,654240
0,607453
0,510183
0,546525
0,561931
0,687807
0,513201
0,040039
-0,594775
-0,895946
-0,998478
-0,736498
-0,348001
-0,148029
-0,040619
-0,012906
0,033528
0,138211
0,264553
0,183641
-0,120842
-0,529164
0,067167
0,067167
-0,496428
-0,084361
0,214141
0,383192
0,365927
0,291053
0,249889
0,189801
0,113909
0,023457
-0,018349
-0,010674
0,027435
0,067167
0,091668
0,137187
0,075445
0,069073
0,091489
0,138588
0,135217
0,002063
0,228503
0,342233
0,308411
0,218125
-0,171223
-0,502348
-0,617795
-0,383755
-0,033429
0,317417
0,503858
0,534598
0,546815
0,516557
0,545523
0,476883
0,247730
-0,123969
-0,492151
-0,791880
-0,887669
-0,729730
-0,508588
-0,266656
-0,125027
-0,059185
-0,008798
0,105190
0,162729
0,186011
0,067140
-0,204117
-0,416340
0,067140
-0,422906
-0,211291
0,018671
0,154168
0,209409
0,189957
0,192077
0,202995
0,187130
0,159242
0,112058
0,079638
0,048163
0,092645
0,126307
0,130297
0,102456
0,034264
-0,000439
0,008319
0,069742
0,041878
0,081593
0,230189
0,263407
0,339859
0,211653
-0,003609
-0,214954
-0,322341
-0,269041
-0,133765
0,053772
0,145512
0,185289
0,160634
0,167307
0,200809
0,217605
0,257126
0,186285
0,063184
-0,114595
-0,269676
-0,372026
-0,422384
-0,412151
-0,403381
-0,375787
-0,377930
-0,337031
0,053772
-0,108919
-0,006643
0,058324
0,096241
0,069147
0,055430
0,080070
0,079941
0,046320
0,021087
0,000078
-0,006122
0,012709
0,031758
0,051003
0,078564
0,104851
0,093659
0,101971
0,107505
0,104648
0,121205
0,132574
0,076812
0,091482
0,096655
0,087745
0,083831
0,103948
0,084128
0,050041
0,086478
0,128701
0,155786
0,086497
-0,008221
-0,130016
-0,199444
-0,158393
-0,119323
-0,057443
-0,002507
0,021215
0,017770
0,013874
0,023348
0,004419
0,042535
0,059529
0,028682
-0,003807
-0,015726
-0,016583
-0,037363
-0,027675
-0,041438
-0,066817
-0,106686
-0,151700
-0,157516
-0,167386
-0,173861
-0,150243
-0,124223
-0,112524
-0,079311
-0,063409
-0,045336
-0,010177
0,017658
0,043716
0,034625
0,031304
0,024837
0,042179
0,060200
0,068492
0,079217
0,079205
0,070426
0,079024
0,100224
0,106673
0,094361
0,073191
0,060752
0,059944
0,052761
0,060056
0,074262
0,038075
0,013228
0,032445
0,063002
0,101363
0,103835
0,044594
-0,042014
-0,064767
-0,048013
-0,041332
-0,011068
0,018707
0,007547
-0,025690
-0,063545
-0,070513
-0,001942
0,060938
0,070707
0,059760
0,032579
-0,012225
-0,045806
-0,034546
-0,016290
-0,038591
-0,082943
-0,123389
-0,150267
-0,163459
-0,140407
-0,117203
-0,102202
-0,109507
-0,121938
-0,109312
-0,095331
-0,077955
-0,074795
-0,056696
-0,028469
-0,036331
-0,038982
-0,006550
0,017750
0,033501
0,058661
0,059585
0,029039
0,021387
0,028351
0,027816
0,047396
0,071079
0,079643
0,087692
0,084431
0,074164
0,069940
0,062243
0,053820
0,042097
0,034510
0,039635
0,057875
0,075643
0,086435
0,090786
0,057609
0,016151
-0,005998
0,001677
0,025360
0,021369
0,008696
-0,014748
-0,017681
0,006600
0,021751
0,041613
0,047105
0,038236
0,024478
-0,007906
-0,019948
-0,030661
-0,036359
-0,020568
-0,020585
-0,035957
-0,038977
-0,047503
-0,052339
-0,069773
-0,060615
-0,035406
-0,029291
-0,017469
-0,017974
-0,021441
0,001331
0,022038
0,044472
0,052754
0,032754
0,020728
0,020601
0,031448
0,041685
0,057207
0,060143
0,019491
0,000557
0,016488
0,010579
0,089847
0,062003
0,004517
-0,015646
-0,020927
0,016764
0,037113
0,014771
0,006395
-0,013754
-0,025259
-0,024815
-0,019403
-0,008360
-0,028450
-0,053789
-0,089248
-0,106723
-0,127248
-0,129562
-0,092710
-0,049497
-0,038119
-0,047977
-0,052119
-0,062816
-0,046032
-0,002064
0,042061
0,053271
0,030917
0,001062
-0,037299
-0,034050
-0,012923
-0,019185
-0,035709
-0,063556
-0,106700
-0,119172
-0,078244
-0,032607
-0,031194
-0,034880
-0,025155
-0,031817
-0,000784
0,026330
0,035966
0,016869
0,052203
0,064293
0,008315
0,040460
0,063912
0,079049
0,113273
0,097863
0,073858
0,095108
0,092985
0,095090
0,100473
0,098086
0,100415
0,108690
0,096162
0,071644
0,059850
0,057371
0,063210
0,047223
0,048836
0,063258
0,074744
0,099763
0,097805
0,084092
0,019871
-0,038884
-0,073790
-0,086381
-0,036672
0,016987
0,055265
0,068581
0,035275
0,028535
0,046443
0,075643
0,096878
0,109297
0,063450
-0,006521
-0,070192
-0,100171
-0,095676
-0,097744
-0,080999
-0,110687
-0,158797
-0,170264
-0,143230
-0,132312
-0,117883
-0,104661
-0,083422
-0,088071
-0,057037
-0,071550
-0,032624
-0,008670
-0,000638
0,059121
-0,016618
-0,048404
-0,044189
0,006353
0,059760
0,076060
0,059796
0,032944
0,020209
0,032564
0,038274
0,030025
0,007766
-0,001493
-0,007436
-0,014989
-0,016436
-0,014297
-0,010765
-0,049451
0,039551
0,075186
0,162800
0,188965
0,098907
-0,037996
-0,162131
-0,212305
-0,221311
-0,121705
-0,010430
0,032778
0,066817
0,031173
0,015252
0,034122
0,097205
0,131420
0,111746
0,038591
-0,121237
-0,261134
0,031173
0,031173
0,031173
0,031173
-0,271478
0,034122
0,038591
0,041049
-0,167807
-0,083149
0,017045
0,048617
0,055503
0,073422
0,059297
0,050889
0,068864
0,066970
0,050755
0,058090
0,041049
0,059749
0,101371
0,123268
0,132476
0,126701
0,129963
0,122276
0,131580
0,132341
0,141494
0,165971
0,142129
0,154548
0,146860
0,136012
0,081682
0,052093
0,203767
0,211239
0,312594
0,265238
0,038614
-0,220331
0,132341
0,131580
0,131580
-0,030517
0,176329
0,268508
0,303793
0,228114
0,216940
0,217841
0,298627
0,299720
0,218206
0,031698
-0,256678
-0,494530
-0,639583
-0,607027
-0,494228
-0,337006
-0,208429
-0,137400
-0,061404
-0,008390
0,058807
0,105502
0,126193
0,058378
-0,036398
-0,127035
-0,198908
-0,203348
-0,158059
-0,112660
-0,120365
-0,111037
-0,098716
-0,019213
0,095206
0,225319
0,273879
0,241702
0,187399
0,132320
0,119406
0,123851
0,140608
0,137684
0,129828
0,111660
0,119251
0,169847
0,159967
0,092663
0,339817
0,383935
0,473070
0,468055
0,135394
-0,203996
-0,478990
-0,485116
-0,304275
0,068722
0,414966
0,550808
0,608803
0,496858
0,400506
0,317836
0,294296
0,185399
-0,037821
-0,340701
-0,709879
-0,889765
-0,903751
-0,706879
-0,408296
-0,139855
0,036962
0,059870
0,051261
0,067515
0,032240
0,033244
-0,113892
-0,344625
-0,510901
-0,545795
-0,410095
-0,150452
0,097483
0,218265
0,248243
0,167699
0,075098
0,018831
-0,006094
-0,037596
-0,057342
-0,135619
-0,183280
-0,157376
-0,119097
-0,074057
-0,054234
-0,090296
-0,135836
-0,119910
-0,075718
0,025768
-0,006333
-0,097049
0,211029
0,201521
0,312186
0,277568
-0,137763
-0,464764
-0,638312
-0,444440
-0,051617
0,541069
0,926638
0,978133
0,938450
0,669926
0,496463
0,376673
0,312800
0,125246
-0,150469
-0,441486
-0,724655
-0,687171
-0,441725
-0,022911
0,320427
0,486916
0,423785
0,201118
0,001685
-0,186782
-0,129757
-0,225170
-0,322740
-0,518158
-0,622652
-0,457308
-0,136186
0,271760
0,451403
0,418429
0,146850
-0,070709
-0,230785
-0,227279
-0,158717
-0,096957
-0,055014
-0,067118
-0,042522
-0,000024
0,089223
0,112991
0,077732
-0,018501
-0,119001
-0,156225
-0,046622
0,040701
0,126634
-0,128080
-0,206549
0,196908
0,042781
0,423483
0,129139
-0,401027
0,024303
0,040701
-0,527988
0,045606
0,744661
0,024303
0,807041
0,618071
0,191181
0,103309
0,024303
-0,000486
-0,270545
-0,513604
-0,767645
-0,754982
-0,337783
0,155552
0,588314
0,667172
0,518774
0,140014
-0,162438
-0,196659
-0,150449
-0,034259
-0,015195
-0,110171
-0,147787
0,023287
0,298467
0,580331
-0,009936
0,494650
0,220584
-0,050934
-0,094087
-0,026051
0,129033
0,194811
0,172142
0,074408
0,019213
0,008749
0,047339
0,070980
-0,009936
-0,086197
-0,164635
-0,178479
-0,093888
0,035688
-0,014340
0,019517
-0,324522
-0,310845
0,180695
0,115095
0,462780
-0,002619
-0,531300
-0,009936
-0,014212
-0,435219
0,191732
0,825923
0,810243
0,605276
0,291099
-0,015106
-0,014212
-0,071811
-0,136933
-0,555225
-0,812691
-0,993146
-0,747755
-0,164553
0,315253
0,590946
0,438437
0,035636
-0,393556
-0,553207
-0,502560
-0,287758
-0,257864
-0,257595
-0,320453
-0,234040
0,101852
0,355849
0,482305
0,329859
0,039341
-0,181865
-0,184032
-0,014385
0,219423
0,348740
0,253145
0,132236
0,024666
0,034768
0,084187
0,157515
0,164440
0,130805
0,076246
0,063362
0,083335
0,142542
0,141519
0,167260
0,023933
0,000502
-0,315857
0,138000
0,473470
0,529527
0,630706
-0,147698
0,130805
0,130805
-0,605942
-0,067014
0,619698
0,929915
0,745897
0,553392
0,243262
0,154172
0,187597
0,051861
-0,264414
-0,721533
-0,873543
-0,818124
-0,284493
0,302182
0,635228
0,550698
0,164096
-0,303335
-0,572611
-0,485070
-0,307115
-0,239994
-0,298530
-0,357362
-0,304701
0,047052
0,448782
0,584821
0,445786
-0,032037
-0,390324
-0,478583
-0,219703
0,115542
0,357635
0,311357
0,184244
0,038430
-0,020926
0,013393
0,022717
0,026560
-0,015203
-0,024508
-0,002479
0,037778
0,115697
0,081127
0,039359
-0,122358
-0,190827
-0,103541
-0,157721
-0,064701
0,467027
0,322963
0,419767
-0,031417
-0,634562
0,013393
-0,804102
-0,311838
0,258289
0,751625
0,756442
0,580728
0,450584
0,221313
0,187917
-0,027833
-0,318943
-0,747692
-0,912004
-0,778283
-0,301296
0,254490
0,583469
0,570546
0,200004
-0,170143
-0,429962
-0,477755
-0,373959
-0,307541
-0,286434
-0,256669
-0,128181
0,168837
0,513243
0,593163
0,431811
0,057739
-0,270759
-0,366420
-0,179512
0,129186
0,346600
0,404500
0,317769
0,233376
0,170452
0,156564
0,130631
0,066146
0,043406
0,067811
0,096715
0,183138
0,163010
0,111911
0,004460
-0,068713
-0,022835
-0,013190
0,109196
0,041601
-0,040003
0,438571
0,232978
0,431519
-0,038476
-0,537463
-0,847832
-0,765918
-0,249363
0,317407
0,821983
0,771850
0,591894
0,315519
0,063222
0,028688
-0,184135
-0,357938
-0,710140
-0,796298
-0,672863
-0,237592
0,249206
0,506555
0,452279
0,035192
-0,328147
-0,566044
-0,541800
-0,394009
-0,281556
-0,274415
-0,208070
-0,066676
0,148322
0,416343
0,418117
0,212882
-0,099132
-0,342845
-0,335223
-0,129088
0,170041
0,342928
0,365086
0,237165
0,131955
0,026804
0,010521
0,011864
0,011729
0,028568
0,068926
0,100551
0,137533
0,120540
0,056979
-0,004662
-0,054331
-0,059548
-0,013098
0,049527
0,038613
-0,151619
0,258192
0,208729
0,320676
0,125822
-0,465124
-0,737488
-0,765849
-0,298309
0,232412
0,739782
0,749010
0,498244
0,294315
0,070799
0,089727
-0,038193
-0,246530
-0,597748
-0,784052
-0,653302
-0,256712
0,224922
0,464231
0,409626
0,025219
-0,317673
-0,474203
-0,418145
-0,275239
-0,218079
-0,233099
-0,228348
-0,058010
0,135162
0,382841
0,370919
0,183522
-0,071128
-0,226417
-0,179119
0,003528
0,221456
0,274664
0,257431
0,120497
0,055432
0,056471
0,099925
0,129367
0,122179
0,066016
0,069884
0,085285
0,127648
0,145578
0,075261
-0,010972
-0,056873
-0,055677
0,022412
0,128357
0,071609
-0,164618
0,218958
0,192010
0,370990
0,218739
-0,318245
0,075261
0,071609
-0,312647
0,186016
0,667181
0,678486
0,468079
0,265850
0,091515
0,152683
0,011258
-0,191582
-0,557320
-0,737783
-0,618668
-0,208072
0,230612
0,435065
0,316712
-0,042499
-0,310786
-0,398097
-0,340280
-0,250820
-0,213227
-0,292263
-0,275284
-0,081164
0,146446
0,358733
0,342876
0,138644
-0,086755
-0,201204
-0,131416
0,046681
0,182732
0,208255
0,173464
0,092628
0,085938
0,107852
0,115443
0,109800
0,083884
0,042116
0,064415
0,099545
0,103658
0,089572
-0,005625
-0,041694
-0,056693
0,017940
0,046005
0,105162
-0,110744
0,082936
0,223070
0,271554
0,302981
-0,159456
-0,507568
0,064415
-0,426883
-0,015747
0,456272
0,597416
0,459784
0,318754
0,159013
0,177018
0,115429
-0,118333
-0,447334
-0,682980
-0,653600
-0,325619
0,120829
0,317855
0,300311
0,043198
-0,233832
-0,318811
-0,299251
-0,247695
-0,223667
-0,289806
-0,296498
-0,138059
0,087596
0,296168
0,324766
0,167683
-0,047749
-0,177163
-0,157252
-0,031958
0,115596
0,176590
0,168754
0,121296
0,103751
0,099437
0,111788
0,088934
0,064513
0,038225
0,063620
0,107155
0,129582
0,118120
0,049792
-0,037130
-0,069746
-0,048219
0,047661
0,052663
0,015088
0,218323
0,193001
0,279417
0,102424
-0,212357
-0,447621
-0,487617
-0,273737
0,068890
0,388092
0,442147
0,405771
0,285117
0,204923
0,191353
0,053139
-0,198084
-0,483196
-0,618948
-0,507749
-0,166018
0,140530
0,259798
0,165421
-0,053719
-0,199911
-0,236681
-0,219848
-0,223218
-0,281579
-0,330382
-0,242697
-0,050428
0,164912
0,289713
0,226433
0,075453
-0,083278
-0,143269
-0,090663
0,005314
0,092174
0,144081
0,155356
0,139417
0,117405
0,095122
0,084836
0,073631
0,073521
0,080906
0,091600
0,107722
0,107832
0,057507
0,023637
-0,013024
-0,034364
-0,000135
-0,042381
0,101407
0,199580
0,245562
0,222323
-0,052859
-0,297091
-0,432054
-0,333086
-0,086218
0,225121
0,358547
0,358963
0,300624
0,230884
0,217402
0,137551
-0,047185
-0,301698
-0,475600
-0,492270
-0,296096
-0,015178
0,163908
0,184607
0,061766
-0,099734
-0,188283
-0,193812
-0,196757
-0,227358
-0,277649
-0,282237
-0,153025
0,031002
0,193207
0,236556
0,166820
0,032204
-0,064048
-0,097765
-0,069798
-0,010801
0,037975
0,079310
0,112924
0,122694
0,123486
0,106310
0,067537
0,056948
0,050745
0,061294
0,089216
0,078847
0,043450
0,008486
-0,006199
0,003846
-0,029549
0,075003
0,120970
0,155301
0,123233
-0,063273
-0,220615
0,059040
-0,233865
-0,075271
0,140302
0,236271
0,281913
0,274264
0,234499
0,211522
0,129922
-0,034183
-0,237729
-0,371423
-0,400021
-0,266454
-0,075206
0,060711
0,105641
0,059040
-0,008131
-0,069005
-0,110485
-0,184738
-0,247101
-0,305000
-0,260205
-0,141692
0,010082
0,125849
0,162236
0,153898
0,086102
0,034168
-0,031934
-0,069081
-0,070577
-0,035069
0,020504
0,079123
0,104116
0,103869
0,091072
0,080282
0,074242
0,064747
0,076946
0,050957
0,045843
0,028876
0,017031
0,011526
0,007420
0,034168
0,103232
0,139867
0,058142
-0,059968
-0,179985
-0,210388
-0,156209
-0,026187
0,114801
0,192506
0,270234
0,271778
0,240408
0,173374
0,071248
-0,067318
-0,176264
-0,240673
-0,251780
-0,170743
-0,083116
-0,002949
0,033437
0,027791
-0,007943
-0,044151
-0,086067
-0,133175
-0,158697
0,026768
0,026768
-0,083385
-0,017345
0,027007
0,056042
0,052919
0,046781
0,032020
0,020250
0,009641
0,004944
0,009741
0,026768
0,042229
0,052279
0,061235
0,048391
0,041804
0,035645
0,037749
0,038161
0,053744
0,034033
0,033642
0,016759
-0,013682
0,013216
0,062670
0,071785
0,078735
0,024222
-0,066009
-0,111918
-0,111998
-0,078800
0,009262
0,089076
0,141193
0,174865
0,162707
0,131371
0,089193
0,020407
-0,065832
-0,133295
-0,173314
-0,177341
-0,114604
-0,057582
-0,013548
0,001836
-0,018901
-0,056394
-0,074846
-0,092285
-0,106661
-0,105342
-0,112936
-0,075502
-0,018771
0,035033
0,061124
0,064142
0,027649
0,009835
-0,009569
-0,020447
-0,013704
0,003670
0,020030
0,042588
0,046626
0,041270
0,044179
0,036171
0,028593
0,029442
0,026504
0,020218
0,022438
0,021638
0,022254
0,025575
0,020067
0,035855
0,023468
0,011178
-0,001102
-0,018593
-0,032945
-0,035661
-0,028166
-0,003171
0,041997
0,082237
0,106558
0,106839
0,082800
0,046922
0,007949
-0,032932
-0,068324
-0,098706
-0,104268
-0,094619
-0,071601
-0,052615
-0,029702
-0,020597
-0,025922
-0,043208
-0,066109
-0,079839
-0,085269
-0,069387
-0,040815
-0,012220
0,016317
0,038237
0,042724
0,037465
0,026426
0,014039
0,011641
0,015745
0,019890
0,018270
0,024631
0,037074
0,052272
0,056066
0,056475
0,033821
0,018231
0,032862
0,020702
0,020930
0,012718
-0,002289
0,006063
0,010781
0,012121
0,030501
0,040810
0,036621
0,029529
0,006776
-0,003501
-0,006121
0,003177
0,003919
0,007701
0,009875
0,020145
0,022339
0,017181
0,004949
-0,009537
-0,034944
-0,050656
-0,059753
-0,068678
-0,064527
-0,048786
-0,043803
-0,029993
-0,029796
-0,028500
-0,025228
-0,027901
-0,029282
-0,031330
-0,027131
-0,020127
-0,006159
-0,004762
-0,004783
0,006498
0,017268
0,032726
0,040358
0,024410
0,004725
0,007961
0,023540
0,046929
0,054279
0,032921
0,012817
-0,001616
0,005109
0,015624
0,021004
0,015571
0,012850
0,007118
0,015578
0,020921
0,029803
0,031509
0,025289
0,015323
0,003972
0,009075
0,009500
0,005330
-0,014347
-0,016897
-0,024252
-0,012002
-0,002428
-0,002814
-0,003787
-0,006606
-0,008381
-0,009542
-0,017362
-0,030871
-0,032140
-0,039577
-0,033615
-0,032469
-0,037387
-0,041300
-0,037644
-0,039991
-0,036568
-0,026962
-0,012211
0,002825
0,007223
0,001269
-0,011782
-0,015720
-0,004649
0,010480
0,014242
0,016471
0,019069
0,018726
0,021362
0,026087
0,022721
0,022557
0,021078
0,021795
0,029735
0,036378
0,041896
0,036801
0,021351
0,007759
0,005116
0,012395
0,026644
0,033029
0,025476
0,012508
0,006483
0,004071
0,016096
0,015153
0,000988
-0,016079
-0,028536
-0,038697
-0,028350
-0,016730
-0,012788
-0,010982
-0,021861
-0,030671
-0,034560
-0,035041
-0,025540
-0,020868
-0,029697
-0,039324
-0,043789
-0,039860
-0,027238
-0,009654
-0,004610
-0,006767
-0,021546
-0,028333
-0,024612
-0,014355
0,001540
0,011798
0,011237
0,002135
-0,003566
0,004824
0,022378
0,036574
0,044156
0,032990
0,014687
0,006406
0,008561
0,020954
0,035481
0,034742
0,033450
0,034969
0,029364
0,033033
0,036556
0,034468
0,029222
0,019362
0,003761
0,001282
0,001735
0,011139
0,017488
0,013658
0,008679
-0,002086
-0,005925
-0,006623
-0,000292
-0,001458
-0,014257
-0,029012
-0,036597
-0,036082
-0,025463
-0,010677
-0,007936
-0,007728
-0,022920
-0,032512
-0,031643
-0,023898
-0,013556
-0,012745
-0,021055
-0,029438
-0,033641
-0,021433
-0,004762
0,008161
0,011549
0,001004
-0,006639
-0,006067
0,003317
0,014640
0,019296
0,015598
0,002579
-0,004378
-0,003305
0,013326
0,026366
0,031114
0,029444
0,018872
0,011579
0,008521
0,008889
0,019013
0,018736
0,019223
0,012146
0,006311
0,006988
0,008424
0,011353
0,005233
0,002406
-0,000461
-0,002616
-0,008163
-0,006953
-0,006676
-0,008364
-0,001631
-0,003977
-0,007771
-0,004380
-0,006326
-0,012883
-0,023277
-0,031651
-0,033982
-0,029955
-0,018352
-0,008958
-0,004775
-0,002881
-0,007756
-0,013625
-0,017968
-0,013457
-0,013488
-0,010956
-0,007804
-0,008355
-0,003554
-0,000622
0,003629
0,001468
0,005983
0,008161
0,008627
0,008927
0,011002
0,013743
0,010576
0,012490
0,011468
0,008250
0,005637
0,004863
0,007045
0,012113
0,017077
0,021253
0,022461
0,019687
0,016269
0,011302
0,004018
-0,000469
-0,007433
-0,007935
-0,006563
0,001944
0,008296
0,012097
0,010047
0,006987
0,004434
-0,006171
-0,011115
-0,015040
-0,013661
-0,012421
-0,011289
-0,002671
0,001806
0,001584
-0,005613
-0,011764
-0,017443
-0,013801
-0,007396
-0,004350
0,000060
-0,008778
-0,011381
-0,003148
0,002042
0,006717
0,003370
0,002037
0,000060
-0,009479
-0,008765
-0,003793
0,003511
0,007725
0,008433
0,007432
0,005869
0,007133
0,007972
0,009991
0,009770
0,008129
0,006930
0,002349
0,002613
0,001487
-0,002054
-0,003344
-0,004481
-0,003032
0,002150
0,008177
0,010561
0,014985
0,007319
0,002217
-0,010375
-0,016092
-0,016572
-0,010582
-0,002477
0,000419
0,002381
0,003079
0,005444
0,003167
0,002960
-0,001987
-0,007346
-0,011060
-0,015898
-0,018952
-0,014898
0,001310
0,006820
0,013018
0,012450
0,001921
-0,007940
-0,013727
-0,016128
-0,014485
-0,011967
-0,004398
-0,000326
0,002305
0,006764
0,012293
0,011852
0,002906
-0,004125
-0,013256
-0,017077
-0,005511
0,003320
0,013631
0,013572
0,011754
0,010760
0,007270
0,004962
0,007436
0,001951
-0,000732
-0,002189
0,002415
0,009805
0,010646
0,010941
0,002911
-0,006643
-0,010293
-0,009138
-0,004270
0,008150
0,013340
0,011459
0,007047
0,003342
-0,002478
-0,002161
-0,004548
-0,007820
-0,004452
-0,006086
-0,001091
0,008296
0,013153
0,012177
0,007483
-0,004876
-0,009461
-0,011790
-0,011813
-0,008123
0,000867
0,005197
0,007590
0,008233
0,000881
-0,003033
-0,012684
-0,011979
-0,006296
-0,007716
-0,006459
-0,002760
0,002399
0,009597
0,015649
0,011228
0,005115
-0,002838
-0,008730
-0,011382
-0,004884
0,006956
0,017088
0,017890
0,010796
-0,001150
-0,011152
-0,006114
0,000553
0,004739
0,006136
0,004608
0,000197
0,002944
0,005864
0,006392
0,000860
-0,005314
-0,015035
-0,018468
-0,009196
0,003567
0,009418
0,009478
0,005011
-0,001608
-0,006200
-0,007743
-0,006820
-0,005638
-0,009208
-0,009282
-0,007464
0,003070
0,011478
0,014659
0,011762
-0,001049
-0,012752
-0,014564
-0,018018
-0,012107
-0,003744
0,002875
0,005989
0,006531
0,001120
-0,005077
-0,006581
-0,007335
-0,005953
-0,005232
-0,005898
-0,004943
-0,000781
0,005224
0,008313
0,005002
0,003060
-0,000234
-0,003280
-0,001452
0,005358
0,008705
0,012208
0,011393
0,006475
0,000190
-0,006622
-0,007544
0,000791
0,006521
0,011412
0,010201
0,010522
0,008019
0,006333
0,004258
-0,003301
-0,006272
-0,010175
-0,006958
-0,004420
-0,000402
0,004761
0,009539
0,010880
0,010351
0,004735
-0,002904
-0,008947
-0,009629
-0,005114
-0,001967
-0,001076
0,004294
0,008380
-0,001901
0,002281
-0,002265
-0,004526
-0,007088
-0,009772
-0,006539
-0,001901
0,001414
0,001323
0,006712
0,002939
0,000422
-0,001468
-0,007144
-0,006124
-0,007004
-0,000187
-0,003168
-0,001827
-0,000187
0,003434
0,001042
-0,000146
0,005609
-0,003841
-0,003584
0,002801
0,000271
0,008153
0,007771
0,000063
-0,008046
-0,008767
-0,006841
-0,001416
0,002526
0,006893
0,004629
-0,000743
0,003257
0,006816
0,004457
0,005408
-0,002716
-0,009576
-0,014197
-0,015558
-0,006766
0,001611
0,010734
0,012478
0,008999
0,002620
-0,007185
-0,011802
-0,014106
-0,009164
-0,004659
-0,004452
-0,002449
0,006213
0,010316
0,007143
0,005103
-0,002482
-0,007933
-0,010080
-0,007867
-0,003210
0,002363
0,001563
0,000752
0,005433
0,005042
0,000960
0,003504
-0,002007
-0,007081
-0,009011
-0,004650
0,002900
0,006779
0,002864
0,010200
0,002564
-0,004604
0,005154
0,001460
0,002587
0,007647
0,004606
0,000402
-0,002016
0,000115
0,005671
0,006669
0,005421
0,002749
0,000344
-0,000192
0,003098
0,001460
0,008169
0,002683
-0,005944
-0,006447
-0,007674
-0,001423
0,000671
0,002605
0,001304
-0,001092
-0,006338
0,000588
0,005913
0,001647
-0,000491
-0,003143
-0,004072
-0,006469
-0,000272
0,005716
0,006256
0,001662
-0,003712
-0,006596
-0,001776
-0,000033
-0,002068
-0,005197
-0,006931
-0,006119
-0,000967
0,003824
0,002441
0,002350
-0,002026
-0,012455
-0,011400
-0,007992
-0,009598
-0,000395
0,001421
0,005191
0,007372
0,001705
0,003459
-0,000094
-0,001957
-0,000265
-0,001878
-0,007186
-0,006932
-0,000034
0,004349
0,011743
0,010922
0,004074
0,001546
0,000650
0,001431
0,003440
0,005771
0,004783
0,000471
-0,001776
-0,004259
0,000155
0,003859
-0,000602
-0,000007
-0,005112
-0,008592
0,000177
0,002976
0,003809
0,007637
0,008146
0,000872
-0,000735
-0,006310
-0,007584
0,001777
0,001539
-0,000106
-0,001457
-0,000580
-0,003451
-0,000382
0,004721
-0,000205
-0,006115
-0,004325
-0,009274
-0,006863
-0,000928
0,001258
0,000702
-0,004956
-0,011792
-0,007163
-0,003758
-0,002424
-0,000260
-0,000543
-0,001242
-0,006818
-0,004206
0,001067
0,001641
-0,002305
-0,003027
-0,000843
-0,000899
0,000402
0,009887
0,012819
0,004050
0,001716
0,004926
-0,002185
0,000379
0,004264
0,003619
0,004969
0,003703
0,008624
0,007733
0,006221
0,009036
0,009032
0,006434
0,000963
0,007952
0,005651
0,005300
0,002595
0,011836
0,017701
0,013127
0,008150
0,001725
-0,000699
-0,004959
-0,000847
0,006273
0,008906
0,007499
0,002451
-0,000067
-0,002324
-0,005463
-0,003751
-0,002790
0,000092
-0,005586
-0,003540
-0,000572
-0,002577
0,001718
-0,001777
-0,003824
-0,006511
-0,010012
-0,007716
-0,004862
-0,001478
-0,004427
-0,003705
-0,003983
-0,008719
-0,006753
-0,003999
-0,006022
-0,005342
-0,005285
-0,001726
0,000158
0,001094
-0,001827
-0,006511
-0,006028
-0,013090
-0,010575
-0,005093
-0,004950
0,000658
0,004672
0,003962
0,003471
-0,003039
-0,002366
-0,003916
-0,004744
-0,000433
-0,001047
-0,005488
-0,003867
0,005083
0,004896
0,004331
0,007420
0,006422
-0,000117
-0,006349
-0,002966
-0,001204
0,004245
0,004733
0,006219
0,004747
-0,001495
-0,001612
0,002779
0,002846
0,001020
0,004798
0,000982
0,000273
0,000098
0,002248
0,007464
0,003888
0,001981
0,000783
-0,000385
-0,001498
0,000685
0,000535
0,002928
-0,004767
-0,005988
0,000460
-0,004151
-0,003404
0,000026
-0,004864
-0,006759
-0,001362
-0,000073
-0,004918
-0,008256
-0,007278
-0,008275
-0,013751
-0,008479
-0,000365
-0,002193
-0,001741
0,000191
-0,002869
-0,005615
-0,006218
-0,005836
-0,007524
-0,007106
-0,008027
-0,008067
-0,006123
-0,000682
-0,001749
0,001897
0,001609
-0,000737
0,001061
-0,000493
-0,001765
-0,005278
0,001476
0,001424
0,003223
0,000499
0,004614
0,001368
-0,002112
0,002190
0,002203
0,002857
0,003775
0,003633
0,003712
0,002885
0,005690
0,006226
0,005406
0,005018
0,009752
0,008577
0,009673
0,009429
0,007890
0,008383
0,010172
0,011219
0,013391
0,014024
0,009129
0,009014
0,012590
0,010573
0,016285
0,011253
0,008001
0,008639
0,001835
0,005276
0,006996
0,008181
0,009722
0,008068
0,007082
0,004603
0,005929
0,006569
0,004956
0,005800
0,001322
0,002259
0,003267
0,002045
0,004101
0,002717
-0,000085
0,002877
0,002525
0,000606
0,000171
0,001458
-0,002477
-0,004794
-0,001625
-0,003084
-0,001286
-0,002772
-0,005954
-0,007565
-0,005179
-0,004665
-0,004758
-0,008917
-0,009947
-0,009141
-0,012500
-0,009852
-0,005082
-0,003371
-0,010006
-0,011867
-0,005070
-0,008503
-0,011036
-0,006780
-0,005926
-0,010764
-0,008667
-0,008104
-0,009639
-0,007923
-0,009171
-0,007337
-0,013127
-0,011210
-0,003672
-0,004796
-0,004613
-0,008101
-0,011790
-0,011556
-0,011869
-0,010207
-0,006493
-0,005612
-0,007026
-0,008312
-0,006535
-0,006130
-0,008225
-0,006279
-0,006350
-0,008502
-0,005390
-0,003229
-0,000732
-0,008010
-0,010791
-0,003140
-0,000673
-0,000562
0,002195
-0,000012
-0,004813
0,000655
0,001922
0,002532
0,002906
0,001473
-0,000053
-0,001462
0,000044
0,000455
0,002421
0,000901
0,002446
0,004950
0,003817
0,007270
0,004386
0,004898
0,002009
0,002338
0,003651
0,008877
0,007591
0,009824
0,009458
0,007615
0,010902
0,007677
0,004212
0,007212
0,004866
0,006426
0,006038
0,008220
0,012091
0,012540
0,010895
0,008941
0,004474
0,005692
0,005005
0,007448
0,006820
0,002740
0,006092
0,009418
0,008757
0,007559
0,006330
0,004561
0,000299
0,000615
0,002882
0,006335
0,007534
0,002484
0,001533
0,000654
0,004108
0,008846
0,007306
0,005892
0,000176
-0,002194
0,000572
0,004124
0,005775
0,005177
0,001972
-0,002371
-0,000481
0,000394
0,001517
0,000542
0,000675
0,004196
-0,002278
-0,007355
0,002454
0,000526
-0,003439
-0,000197
-0,006881
-0,009613
-0,003168
0,001002
0,002055
-0,003223
-0,006031
-0,006027
-0,008627
-0,008648
-0,005011
-0,001514
-0,003400
-0,001953
-0,006881
-0,004666
-0,003321
-0,005770
-0,009609
-0,011635
-0,010649
-0,011989
-0,005011
-0,004550
-0,005506
-0,003506
-0,003351
-0,005651
-0,011488
-0,009768
-0,005069
-0,007636
-0,004175
-0,004550
-0,005808
-0,005364
-0,002078
-0,001473
-0,001926
-0,002879
-0,005548
-0,004837
-0,007502
-0,004639
-0,002046
-0,003266
0,001403
-0,001499
-0,003661
-0,002010
-0,002377
-0,002569
-0,000351
-0,000336
0,002885
0,002123
0,002389
0,000549
0,000727
0,002129
-0,000416
-0,000088
-0,001262
0,002780
0,003293
0,002918
0,006574
0,007716
0,007748
0,003564
0,002135
0,005957
0,004751
0,003693
0,003652
0,000174
-0,000382
0,006655
0,007725
0,004920
0,007288
0,005419
0,001043
-0,000234
-0,000330
0,007009
0,008425
0,005388
0,004164
0,003672
0,002185
0,003025
0,008494
0,005932
0,001741
0,004294
0,003898
0,005006
0,006027
0,005407
-0,001307
-0,000969
0,000780
0,002475
0,003909
0,004017
0,004009
0,000989
-0,003944
0,000811
0,000837
-0,003990
0,000181
0,001401
-0,003514
0,003166
0,006816
0,003650
-0,000825
-0,000532
-0,000308
-0,002719
-0,002230
-0,002364
-0,000342
-0,001156
-0,005605
-0,001444
0,003733
0,005329
-0,003260
-0,004153
-0,005532
-0,007895
0,000076
-0,004066
-0,002721
-0,004652
-0,004164
-0,000429
-0,003668
-0,003049
0,000029
-0,000375
-0,011798
-0,013589
-0,008409
-0,007172
-0,001743
-0,000792
-0,006369
-0,008604
-0,006592
-0,006822
0,000427
-0,004846
-0,010964
-0,007276
-0,004294
-0,005921
-0,000509
-0,003954
-0,011311
-0,004916
-0,006745
-0,008394
-0,000401
-0,000629
-0,004471
-0,003427
-0,006505
-0,008086
0,001596
0,002461
-0,000503
-0,001501
-0,006852
-0,000140
0,001156
-0,002450
0,000291
-0,004966
-0,006253
0,000575
0,004012
-0,001713
0,001157
0,001147
0,000924
0,006518
-0,000329
0,004551
0,008904
0,001090
-0,000438
0,002067
-0,000682
0,004333
0,012688
0,007851
0,003263
0,005231
0,002598
0,006826
0,010033
0,006562
0,003896
0,001374
0,003957
0,010781
0,008616
0,005849
0,012095
0,010497
0,004853
0,003089
0,002971
0,002522
0,008441
0,007273
0,002283
0,006727
0,004466
0,005787
0,009663
0,004058
-0,002304
0,005035
0,000330
0,001595
0,008210
0,000890
0,001913
0,007790
-0,000930
-0,001564
0,002232
-0,005098
-0,000260
0,005458
-0,003407
0,001152
0,003330
-0,004204
-0,000201
0,003292
0,000462
-0,000188
-0,002979
-0,001732
-0,002073
-0,000103
-0,003591
0,000809
0,001282
0,000928
0,004370
-0,004455
-0,005245
0,005442
0,004084
-0,001317
0,000062
-0,006434
-0,003298
0,005039
-0,000324
-0,005937
-0,003364
-0,006980
0,000321
0,000538
-0,009740
-0,004540
0,000458
0,000320
-0,001468
-0,004225
-0,010824
-0,004765
-0,000142
-0,005373
-0,005323
-0,003405
-0,004995
-0,001643
-0,001405
-0,009904
-0,004013
-0,000769
-0,002897
0,000694
-0,005665
-0,006896
0,004794
-0,003293
-0,006300
-0,002202
-0,007314
-0,005158
0,003609
-0,007541
-0,004834
-0,000298
-0,002314
0,006598
0,004723
-0,005818
-0,002457
-0,002964
-0,005126
0,001928
-0,002634
-0,007591
-0,000840
0,003583
-0,002084
-0,001146
-0,002211
-0,003162
0,000710
-0,004066
-0,005194
-0,003907
0,000135
0,000792
-0,000161
-0,001275
-0,003945
0,000417
0,000017
-0,001502
-0,001830
-0,004177
0,000182
0,001714
-0,002673
0,002853
0,002608
0,001094
-0,003694
-0,000680
-0,000283
-0,000815
0,003538
0,005614
0,001262
0,002084
0,004055
0,001181
0,002137
0,002340
0,001800
-0,001928
0,002219
0,004266
0,002024
0,003657
0,005189
0,004821
0,000426
0,000200
-0,001486
0,001891
0,003359
0,001714
0,001891
0,003782
0,000758
0,005120
0,002562
-0,000446
0,001360
0,002895
-0,001291
-0,001661
0,002503
0,003318
0,004291
0,000728
-0,001272
0,000292
0,001674
0,002582
-0,003493
-0,004802
-0,000629
0,005694
0,002074
-0,001027
0,002143
-0,001184
0,002305
-0,000339
-0,002011
-0,002253
-0,001016
-0,000358
0,000303
0,000843
-0,002987
0,001194
0,001599
-0,001733
-0,002774
-0,001455
0,000653
0,003028
0,001162
0,000979
0,000602
0,000592
-0,004304
-0,003627
-0,002359
-0,006721
-0,001158
0,000456
-0,002075
0,000524
0,002625
-0,000252
-0,000238
0,001800
-0,002108
-0,000602
-0,004086
-0,001778
0,002808
-0,000194
0,001658
-0,001911
-0,002162
-0,000388
-0,000522
-0,003199
-0,003897
0,000927
0,003581
0,000863
0,000207
0,000643
0,001128
0,000124
-0,000539
-0,000437
-0,001627
0,001663
-0,002098
-0,000802
-0,001596
0,003130
0,001759
-0,001236
0,000525
-0,000228
-0,000138
-0,003248
0,000671
0,002176
-0,002295
-0,002106
0,001090
0,001434
-0,002786
-0,000046
0,000662
-0,001477
0,000588
-0,000088
-0,001896
0,002464
0,000350
-0,002556
-0,000720
0,000085
-0,002139
-0,004506
-0,006226
-0,002963
0,001520
0,000992
-0,000111
0,002482
0,002117
-0,000748
0,000335
0,001249
-0,003395
-0,003319
0,001871
0,002936
0,001586
0,000523
0,003646
0,002521
0,001224
-0,000203
-0,002329
0,000962
0,002700
0,001415
-0,002745
0,002370
0,004187
0,002988
0,001921
0,000720
-0,002429
0,001158
0,001149
0,001567
-0,000085
-0,002263
-0,000646
0,003754
0,001899
-0,002491
0,002726
0,001008
-0,001167
-0,001744
-0,002871
-0,000413
0,001827
-0,001202
-0,000749
-0,001474
-0,003600
-0,002652
-0,000666
0,000829
0,000004
-0,002106
0,001861
-0,000420
-0,001140
0,001921
-0,000425
-0,000945
-0,001933
0,000580
0,000989
-0,000102
-0,001896
0,001790
0,003535
-0,001709
-0,000276
-0,001304
-0,001932
0,001639
0,001557
0,001515
-0,002200
0,000141
0,000503
-0,000364
-0,001172
0,001193
0,000827
0,000931
0,001469
-0,004054
-0,001953
0,003225
0,001522
-0,002049
-0,000233
0,000901
-0,001188
-0,001203
0,000104
0,000299
-0,001449
-0,001849
0,002580
0,002169
-0,000892
0,000061
-0,000693
0,001371
0,001977
-0,001380
-0,001041
0,000866
0,001506
-0,000871
0,001532
-0,001832
0,001749
0,002380
-0,003264
0,001701
-0,000234
0,000849
0,000214
-0,003801
0,001173
0,001946
-0,001729
-0,001630
0,001170
-0,000474
-0,001327
-0,000309
-0,002269
-0,001494
0,000718
-0,000767
-0,001272
0,000638
-0,000245
-0,002113
0,000544
0,000356
0,000516
-0,000409
0,001819
0,000214
-0,002100
0,000724
0,000327
0,001956
0,000058
-0,000672
0,000764
0,000567
-0,000076
-0,001053
0,001816
-0,000748
0,001779
0,000280
-0,001489
0,000005
-0,001180
0,000283
0,000907
-0,000004
0,001302
-0,002111
0,001797
0,002873
-0,000188
-0,000343
0,000303
-0,000723
-0,000483
0,001640
0,000172
-0,002313
0,000603
-0,000967
-0,002949
0,001329
-0,000320
-0,000498
0,000095
0,000818
-0,001284
-0,000374
-0,001478
-0,002188
0,000832
0,000249
0,001051
-0,000257
-0,001284
0,001392
0,000116
-0,001446
-0,001480
0,000057
-0,001095
0,000809
0,002042
0,000482
0,000637
0,001592
0,000732
-0,002665
-0,002682
-0,000124
-0,000148
-0,002804
0,001780
-0,000446
-0,001144
0,001027
0,000098
0,000135
-0,001626
-0,000280
0,000886
-0,000841
-0,000124
-0,000435
-0,000383
-0,000711
0,001234
-0,001595
-0,003715
0,002327
0,001827
-0,000841
0,000681
-0,001560
0,001973
0,000297
-0,002992
0,001906
-0,000671
0,000241
0,002525
-0,002873
-0,000854
0,002643
-0,000888
-0,000308
0,001817
-0,000448
-0,000716
0,000428
-0,000244
0,000888
0,000268
0,000748
-0,000580
0,000612
-0,000168
0,001592
0,001796
-0,000835
-0,001435
0,000839
0,000907
0,002122
-0,002721
-0,000337
0,001384
-0,000221
-0,000219
-0,000612
-0,000855
-0,001003
0,001150
-0,001360
0,000668
-0,001674
0,000448
0,001124
0,001219
0,000596
-0,001562
0,000284
0,000126
-0,000925
0,001522
-0,001009
-0,000151
0,002594
-0,000317
-0,001388
0,000548
0,000812
-0,002343
0,000668
0,002284
-0,001328
-0,001088
0,002833
-0,002589
-0,000178
-0,000384
-0,000063
0,001345
0,000556
0,000021
-0,001653
-0,000000
-0,000431
0,000473
0,000890
-0,000035
-0,002645
-0,001043
-0,001205
-0,001341
0,000648
-0,000518
-0,002152
0,000239
-0,000266
0,001829
0,000144
0,000881
0,001841
-0,002239
-0,001717
-0,001140
0,001574
0,001741
0,000205
0,000826
0,002109
-0,000715
0,000681
-0,000736
-0,000894
0,000029
0,000225
0,000571
0,000456
-0,000095
0,001838
0,000865
-0,000645
-0,000499
-0,001403
-0,002310
-0,001226
0,001686
0,001178
-0,001815
-0,000983
0,001806
-0,001521
-0,002122
0,001253
0,000250
-0,002341
0,000544
0,000115
-0,002265
0,001565
0,002992
-0,001726
-0,003249
0,001662
0,000955
-0,001235
0,000859
0,000287
-0,001826
0,000127
-0,001066
-0,000928
0,001253
-0,000248
0,000559
-0,001877
-0,000588
-0,000029
0,000255
0,002851
0,001669
-0,001355
0,000666
0,001570
-0,001371
-0,000699
0,000511
0,000265
0,002379
-0,001565
0,000631
0,002474
-0,002925
0,000316
-0,001067
0,000296
-0,001147
0,000426
0,001621
-0,001920
-0,001154
0,000673
-0,000633
-0,001575
0,000040
-0,001528
0,000996
-0,001081
-0,003504
-0,000585
0,002396
0,000350
-0,003347
0,002456
-0,000031
-0,001876
0,000562
0,000597
0,000946
-0,000965
0,000660
0,000054
0,000089
-0,002164
0,001290
0,000493
0,000346
-0,001089
-0,001857
-0,000143
-0,000303
-0,000067
0,001676
-0,000830
-0,000761
0,001878
0,001927
0,000022
-0,000482
0,000594
-0,001031
-0,001184
-0,000733
-0,000864
0,001444
0,000544
-0,000543
0,000374
-0,000707
-0,000643
0,000234
-0,000779
-0,000467
-0,001497
0,002158
0,001293
-0,000972
-0,001302
0,000987
0,002443
-0,000413
-0,001302
0,000524
-0,000206
0,000078
0,002529
-0,000413
-0,002533
0,000759
-0,000063
0,000121
-0,000898
-0,000320
-0,000132
-0,001208
-0,000038
-0,000682
-0,000429
0,003587
0,002080
-0,001932
-0,000613
0,001304
-0,000684
-0,003248
0,003152
0,001531
-0,003850
-0,001113
0,001280
-0,000626
0,000660
0,002674
-0,003591
0,000569
0,001963
-0,002222
0,001318
0,001326
0,000104
0,000379
0,000566
0,000681
-0,000019
-0,001033
0,001405
-0,000425
-0,000847
0,000656
0,001586
0,000725
-0,000208
0,001048
0,001368
-0,000682
0,000712
-0,000285
-0,002605
0,003094
0,002150
-0,002154
-0,001461
-0,000216
0,001686
0,001193
-0,000039
-0,003310
-0,001009
0,000231
0,003869
-0,001534
-0,002700
0,003150
-0,001016
-0,000378
-0,000168
-0,000834
-0,001121
0,000526
0,002235
-0,000771
-0,002720
0,001260
0,003535
-0,002476
-0,001115
0,000525
-0,001671
0,001352
-0,000906
-0,000254
0,001072
-0,002370
0,000753
0,001521
0,000095
-0,002007
0,001668
0,000379
0,000857
-0,002929
0,000986
0,000601
-0,001625
-0,000188
0,000049
-0,001520
-0,000583
0,001326
-0,000971
-0,001711
0,000075
0,000769
0,002682
-0,000209
-0,002627
-0,000585
0,000064
-0,000246
-0,002918
-0,000028
0,000231
-0,002447
0,000727
0,002593
-0,000425
-0,000689
0,001818
0,001739
-0,000535
-0,000495
0,000820
-0,000227
-0,000975
-0,002182
-0,000005
-0,000127
0,000865
0,002025
-0,000718
-0,000090
0,002213
-0,000676
-0,001460
0,002626
0,000440
-0,001961
-0,000220
-0,001646
-0,000497
0,000341
-0,000237
0,000442
0,000804
0,001464
-0,000887
-0,000632
-0,000194
-0,000035
-0,000120
0,000499
0,000227
-0,000120
-0,000705
-0,000041
-0,000595
0,000304
0,000931
0,000265
-0,000120
-0,000041
-0,000041
0,000400
0,000550
-0,000663
-0,000120
0,000126
-0,000068
-0,002217
-0,000447
-0,000169
-0,000039
0,001721
0,000029
-0,001615
-0,000068
-0,000575
-0,000822
0,001798
-0,001615
0,000017
0,001046
-0,002041
-0,001318
-0,000992
0,000437
0,001408
-0,000643
0,002271
-0,001765
-0,001419
-0,000579
0,001178
-0,000387
0,000692
0,000768
0,000167
0,001353
-0,003036
-0,001508
0,001003
-0,000060
-0,001150
0,001521
0,001575
0,000551
0,000580
0,000070
-0,000085
0,000364
-0,001326
0,000352
-0,001151
-0,002566
-0,000555
0,001047
-0,000038
-0,000244
0,000937
0,001198
-0,000459
-0,000037
0,003320
0,000577
-0,000593
-0,001605
-0,002303
0,001240
-0,000365
-0,002070
-0,000322
0,001096
0,000170
0,001039
0,001446
0,000681
0,000609
-0,000054
-0,001127
-0,000896
-0,001403
0,000294
-0,002113
-0,004703
0,000307
0,002210
0,000060
0,001164
-0,001451
0,000137
0,001467
0,002606
-0,001716
-0,000487
0,001264
-0,002286
-0,002672
-0,002532
-0,002300
0,002431
0,002295
0,000245
-0,000070
0,001524
0,001888
-0,000718
-0,001519
0,000298
0,002627
0,000038
-0,003477
-0,003993
0,000223
0,002886
0,000314
-0,002055
-0,000707
0,003265
0,001604
-0,001095
-0,002555
-0,001580
-0,000216
0,000011
-0,003178
-0,002649
0,000682
0,001385
0,000034
-0,002341
-0,001385
0,001672
0,002312
-0,000837
-0,002901
0,000713
-0,000094
-0,000159
0,000297
-0,001768
0,000356
0,001797
-0,001717
-0,001656
-0,000208
0,003392
0,003106
-0,000817
-0,002237
0,000818
0,000581
-0,000237
-0,001827
0,001040
0,000139
-0,000324
-0,001023
-0,000747
-0,000523
0,000476
0,000020
0,000181
0,000658
0,000877
0,000602
-0,000299
-0,000356
-0,000732
-0,000226
-0,001493
-0,001533
-0,003316
0,000430
-0,001940
-0,001392
-0,000183
-0,000895
0,001769
-0,000032
0,001185
0,001608
0,001752
0,000791
-0,000321
-0,001809
-0,000587
0,001522
0,000231
-0,004093
-0,000412
0,002771
-0,000588
0,001261
0,002183
0,000317
0,000198
0,001214
0,000865
-0,001345
-0,000969
-0,000825
-0,000666
-0,000808
-0,001837
0,000539
0,000211
0,000678
-0,000269
0,000558
0,001644
0,000211
0,000996
-0,002550
-0,000156
-0,003024
-0,002539
0,000620
-0,000208
-0,002034
0,000867
0,001857
-0,001539
0,000700
0,000309
0,000805
-0,001587
-0,002204
0,000871
-0,000649
-0,001880
-0,001059
-0,000549
0,000275
0,001940
0,000017
-0,000840
-0,000625
0,000017
-0,000662
0,001272
0,001099
-0,000758
-0,001981
-0,000262
0,000307
0,000105
0,001411
-0,002635
-0,000074
0,002590
0,000297
0,003022
0,002743
-0,002463
0,000117
-0,000760
-0,001474
0,001949
-0,001162
-0,001811
0,000397
-0,000492
-0,001333
-0,000493
0,000305
0,003285
-0,001350
-0,003024
0,000887
0,000238
-0,000324
-0,000541
0,000180
-0,003410
0,000373
-0,000222
-0,001092
-0,002232
-0,000241
0,001560
0,000849
-0,001964
-0,000004
0,002648
0,001522
-0,001357
-0,000599
0,000910
-0,002593
0,001266
-0,002124
-0,003127
0,001529
-0,000252
0,000824
-0,000496
0,002708
0,002248
0,000197
0,001301
0,001039
0,000751
0,001476
-0,001014
-0,003292
-0,001705
0,001660
0,000705
-0,002561
0,000345
0,002199
-0,001960
0,000264
0,003228
